65
604.12  95.3157  583.381  23.8952
527.031  83.3991  475.63  56.0411
145.523  194.104  441.15  211.669
597.21  420.804  540.1  435.495
569.484  322.967  519.682  318.799
596.802  97.2486  405.738  79.4322
486.261  425.669  289.729  417.103
452.089  62.1994  397.979  69.686
403.05  47.9575  351.978  77.9899
338.268  31.9228  301.764  89.3021
393.548  54.9502  343.581  88.3157
401.077  63.0642  350.585  92.4415
558.277  214.128  510.134  193.818
538.13  366.851  494.421  368.384
533.618  226.117  478.097  214.122
559.518  307.981  511.021  301.628
402.398  63.956  350.326  92.9421
385.936  56.9922  337.366  92.8723
668.867  289.948  496.43  280.791
564.311  86.7329  525.572  37.7817
463.046  73.4061  407.218  75.8953
516.187  71.8531  464.13  48.1173
392.352  53.6811  343.773  86.8908
452.089  62.1994  396.843  70.5337
525.766  86.4991  476.247  59.0733
521.903  92.2738  471.995  67.3424
554.515  87.5551  511.704  45.7689
393.762  54.1975  343.581  88.3157
529.547  64.9362  467.725  36.5364
455.668  64.2224  399.133  70.0533
350.655  40.3046  310.166  91.2632
491.33  57.2692  437.355  44.9058
513.551  234.849  453.963  228.675
272.55  49.1127  257.862  125.583
486.065  424.753  289.729  417.103
562.822  86.8573  525.58  39.5023
427.969  47.0528  374.899  65.1904
536.947  267.975  475.829  261.069
457.745  67.1896  398.982  72.4883
387.654  39.3941  338.459  75.9268
463.328  72.4739  406.588  76.5897
562.46  309.093  512.814  304.18
130.327  195.172  425.673  216.94
756.218  93.6381  170.835  121.045
342.178  33.0206  302.666  88.0342
648.153  290.081  463.6  285.055
430.214  392.241  334.908  385.133
510.519  253.892  317.327  262.464
456.635  52.3936  377.173  63.9283
519.907  376.268  475.798  379.184
451.582  70.1118  396.669  75.9318
703.417  85.6228  257.187  90.9565
563.381  311.427  512.477  308.242
480.324  418.861  405.38  413.669
457.942  54.6816  400.762  57.5985
316.611  31.7481  287.753  93.8095
601.969  80.1293  405.124  56.8572
452.636  66.9633  397.66  71.3988
570.318  75.9119  401.257  59.1219
581.728  75.2611  167.446  135.501
691.587  344.006  474.099  344.283
145.563  179.449  302.915  226.307
544.327  71.5979  143.96  146.082
572.672  75.9713  171.664  137.457
145.563  179.449  302.915  226.307
