167
617.49  314.936  618.239  300.18
403.379  301.058  405.378  320.835
547.042  286.438  536.416  280.626
491.726  175.058  480.315  170.01
533.207  137.157  519.988  112.178
532.451  154.247  516.182  133.663
533.596  156.375  517.535  136.601
548.569  290.734  537.997  283.91
531.167  137.798  517.806  113.966
525.878  152.588  512.9  133.446
612.767  313.29  612.57  299.625
524.699  154.318  511.502  135.974
622.989  331.745  626.145  321.492
601.006  151.888  599.871  101.75
554.822  323.655  545.192  322.215
547.569  287.222  537.056  281.24
636.789  444.009  645.301  462.396
597.206  139.147  592.27  88.6213
413.916  114.523  401.128  132.942
599.084  322.679  597.405  318.075
467.235  329.664  458.466  343.343
619.004  313.568  619.952  297.555
547.523  287.408  537.056  281.24
610.832  315.047  609.985  302.144
583.242  307.554  576.731  298.235
421.68  311.782  419.529  330.539
595.997  317.247  592.046  306.948
533.394  137.235  519.988  112.178
509.565  139.546  493.64  124.699
605.91  308.952  604.073  295.164
634.878  294.41  640.577  270.306
615.796  352.478  617.53  348.929
610.32  312.503  609.503  299.738
609.825  315.007  608.718  302.546
609.26  316.234  607.849  303.803
548.569  290.734  538.265  283.249
427.063  113.868  410.014  127.58
599.491  323.319  597.405  318.075
560.275  321.034  551.634  319.207
610.038  260.004  607.471  233.198
548.489  288.844  538.288  282.019
546.772  287.957  536.416  280.626
613.915  329.603  613.867  319.859
644.262  446.503  657.987  473.844
561.169  324.525  551.934  323.065
538.293  137.377  525.347  109.957
614.661  138.05  612.015  79.7164
477.382  160.888  466.581  160.185
491.884  145.42  482.326  138.255
416.455  285.577  415.087  303.278
403.379  301.058  404.779  320.804
604.206  329.762  604.451  325.83
589.371  300.654  584.682  289.077
555.759  316.627  546.812  314.598
653.801  445.047  669.465  465.164
610.07  315.359  609.693  302.283
544.301  141.079  532.33  112.134
619.053  277.73  616.79  250.371
548.396  349.565  538.334  358.137
562.172  322.402  554.071  320.544
431.191  170.657  433.501  179.423
550.648  352.473  540.787  360.972
547.341  264.632  537.041  254.467
552.424  299.664  543.17  296.177
417.488  135.623  406.534  153.532
602.159  322.102  600.858  313.637
560.491  280.697  550.605  273.904
522.506  148.008  508.424  130.488
548.79  290.311  537.425  283.259
480.276  339.002  467.034  362.566
613.657  228.552  612.352  192.399
546.07  360.464  537.151  364.279
542.543  325.582  533.005  324.892
414.568  113.043  397.268  131.891
603.603  268.992  601.648  246.653
595.21  134.626  590.36  82.4643
606.855  381.863  608.955  397.776
610.374  279.935  609.596  257.53
416.782  112.022  388.18  127.92
600.736  313.011  598.795  301.49
599.12  272.923  595.946  251.923
538.013  297.954  528.068  295.042
551.86  300.943  543.02  299.117
522.851  149.659  508.424  130.488
457.606  146.031  448.468  149.463
609.903  314.07  608.231  301.973
574.065  423.336  567.852  444.918
483.605  153.457  472.172  148.588
565.239  300.519  557.566  293.717
613.344  230.28  612.382  197.385
613.876  350.708  613.293  340.209
619.14  314.131  620.694  297.177
522.399  157.034  507.555  142.258
589.371  300.654  584.678  287.119
595.499  150.905  589.938  103.021
467.643  321.533  460.237  334.465
613.648  306.631  614.054  289.341
574.976  134.761  565.444  92.1529
540.073  322.068  530.839  323.29
491.035  170.079  479.264  163.55
485.98  140.869  471.147  134.394
483.963  147.51  471.814  142.016
456.1  277.432  450.056  288.714
570.453  271.283  562.559  255.326
568.49  154.129  557.901  118.617
560.256  327.292  550.131  328.065
524.72  265.452  514.519  260.492
568.674  328.148  559.399  326.751
582.713  301.222  577.186  288.984
593.894  134.197  586.935  83.2334
537.956  431.925  530.287  450.757
483.187  156.493  475.111  150.125
664.647  450.016  684.336  475.677
454.438  321.978  445.945  335.63
565.139  308.15  554.688  301.764
461.075  165.268  451.325  168.091
595.499  150.905  588.216  103.338
493.466  140.87  481.04  131.194
601.01  308.456  597.366  298.402
468.852  142.89  458.331  141.9
598.005  327.338  598.116  324.522
482.33  147.63  471.045  142.211
540.695  321.728  531.841  321.623
575.699  134.832  565.444  92.1529
538.72  302.633  529.562  302.715
515.109  150.865  501.928  134.025
546.92  290.808  537.997  283.91
415.15  105.832  380.544  119.818
599.947  327.381  598.799  319.069
584.452  301.979  579.142  288.208
470.054  158.483  460.889  157.148
423.087  164.212  441.517  171.664
723.673  179.356  36.6817  234.708
620.099  231.097  620.876  192.501
600.79  324.389  599.594  314.573
501.447  146.807  489.2  134.384
539.006  333.743  530.472  337.548
572.277  269.067  565.226  252.698
623.195  329.588  626.537  315.065
533.875  348.382  526.517  282.284
597.234  326.277  595.429  317.354
577.567  134.63  566.597  91.5215
638.335  252.526  644.878  213.589
605.241  384.574  610.155  401.669
598.793  276.907  597.102  257.349
600.78  306.644  599.051  291.448
600.315  157.288  595.86  107.864
545.888  141.307  532.33  112.134
548.061  144.592  533.046  118.032
482.559  148.195  471.814  142.016
758.156  269.485  310.52  85.7859
602.405  281.326  598.834  265.96
561.38  331.43  550.852  334.774
507.629  138.992  494.415  123.18
594.016  300.217  590.305  283.11
604.132  297.31  601.149  285.647
543.858  131.031  532.759  109.72
598.973  157.306  594.142  108.311
560.511  322.873  553.935  321.175
561.48  300.604  554.871  295.833
592.06  159.88  583.664  114.98
472.094  386.311  463.83  413.377
458.622  148.03  452.576  148.896
468.594  162.088  463.393  164.25
319.729  130.344  268.209  196.352
486.225  334.915  478.813  346.465
403.379  301.058  405.378  320.835
