792
198.31  232.762  198.475  310.215
210.951  167.364  206.057  255.653
447.368  190.936  364.147  240.433
243.581  340.633  222.622  394.068
312.974  400.333  264.58  447.639
519.888  260.839  433.367  298.155
312.796  377.779  264.01  428.076
548.748  342.346  464.774  387.33
459.391  214.876  375.88  260.01
503.716  259.472  416.584  299.78
468.138  207.951  383.207  251.823
531.287  265.461  444.939  301.712
253.839  249.001  228.735  320.187
539.949  377.88  456.227  428.42
460.57  213.108  377.154  257.573
539.947  342.862  455.318  388.294
490.462  248.869  403.513  290.908
528.695  250.388  442.969  284.563
559.182  365.472  477.58  413.708
107.927  304.839  153.119  371.932
89.8099  429.645  142.715  464.962
100.086  233.826  150.706  320.355
540.526  223.816  454.954  252.839
409.871  407.835  333.828  458.514
551.055  408.279  468.166  464.516
459.351  235.373  376.608  279.8
465.867  222.802  381.483  267.22
423.433  225.49  345.146  277.328
415.745  236.191  339.002  289.089
397.224  394.169  325.279  443.705
280.491  459.907  242.52  500.135
420.743  385.766  343.602  435.915
494.031  228.126  407.274  267.627
486.044  180.871  400.19  218.759
226.36  322.965  212.835  380.771
100.747  233.776  150.985  320.019
519.221  260.186  432.094  298.027
470.081  211.274  385.726  253.9
347.997  364.28  288.328  415.029
88.8832  270.764  144.789  347.001
524.667  242.373  441.323  273.731
532.751  231.973  447.342  262.814
500.796  260.552  414.036  301.215
206.331  202.517  203.144  285.955
241.774  333.038  221.074  390.642
239.153  348.593  219.723  402.346
446.843  211.628  364.911  259.367
226.36  322.965  212.855  379.653
542.671  448.194  460.025  511.071
243.932  188.293  224.018  269.825
529.901  225.917  443.753  257.504
520.453  220.764  433  254.675
541.121  283.582  455.479  320.672
437.861  255.19  357.066  304.45
351.821  200.422  290.968  266.381
545.963  254.135  460.914  286.028
539.255  293.205  454.355  331.211
533.943  415.585  450.021  471.963
421.231  416.297  343.979  466.845
551.962  443.141  469.469  506.166
453.236  197.093  370.637  242.773
530.489  226.118  444.599  257.37
487.029  192.527  401.078  230.757
531.021  308.249  446.522  348.826
360.495  401.236  299.163  448.436
529.135  225.977  442.538  257.89
84.7642  328.654  142.833  392.381
410.109  407.403  334.146  457.82
223.491  243.174  212.103  316.031
494.117  233.581  408.171  272.737
90.2871  373.496  143.367  421.918
457.581  212.1  374.201  257.417
485.478  191.697  399.682  230.586
223.609  242.078  212.103  316.031
413.124  244.569  336.72  297.512
412.137  361.35  336.242  412.032
448.893  157.198  365.357  206.502
463.163  187.284  379.258  230.738
468.429  209.589  383.302  253.465
552.498  231.936  467.775  259.452
422.534  240.335  346.301  289.396
529.486  264.218  443.021  300.868
552.611  443.605  469.978  506.543
285.557  226.123  247.84  296.894
484.613  238.987  398.581  280.978
558.601  369.002  476.411  418.368
495.681  193.663  409.401  230.273
532.461  224.605  445.925  256.191
321.511  442.31  270.537  486.347
550.821  268.138  466.999  300.562
227.625  230.805  214.417  307.217
385.185  436.729  318.454  483.849
463.338  185.721  379.622  229.406
302.173  181.241  258.772  255.228
279.673  191.188  244.536  268.071
458.909  193.897  375.271  239.42
306.76  191.976  261.202  265.269
446.898  213.752  364.7  261.349
509.681  219.677  423.051  255.184
90.88  307.738  145.389  374.065
329.49  193.021  276.345  262.837
533.603  386.951  450.687  438.189
404.405  441.32  328.168  491.726
315.893  380.54  266.487  429.548
325.836  417.092  272.755  463.981
677.533  160.707  629.462  132.862
533.721  330.889  449.7  373.909
500.461  263.956  413.817  304.394
670.802  154.876  620.649  126.566
492.864  251.182  405.983  293.068
546.891  273.157  460.585  309.286
539.157  258.766  453.641  292.874
548.715  335.131  464.735  379.185
485.494  191.281  399.886  230.054
541.332  243.374  455.737  274.547
294.078  451.454  252.295  492.48
342.366  216.207  287.107  274.264
511.224  224.245  424.097  259.714
407.901  242.177  332.631  295.662
529.932  225.504  443.84  257.218
549.362  334.374  465.124  377.882
548.456  288.864  464.426  324.824
351.821  200.422  291.307  265.006
495.62  242.448  409.142  282.735
364.938  233.401  301.304  291.234
539.281  294.167  454.212  332.222
92.4291  308.151  145.838  373.134
413.588  246.456  336.733  299.592
527.128  219.392  440.718  251.272
485.124  187.645  399.318  225.734
542.509  225.403  456.973  254.653
410.475  155.505  334.513  214.044
379.158  393.587  312.227  441.68
535.972  410.948  453.507  466.709
92.4016  249.942  147.028  334.319
474.573  222.71  389.147  265.2
514.51  250.618  427.901  287.352
539.05  237.459  453.666  268.645
104.923  338.743  151.955  401.362
540.036  378.329  456.355  429.27
550.578  337.877  466.788  382.347
370.323  182.933  305.473  245.002
247.182  409.744  224.726  450.866
413.86  424.563  336.992  475.69
543.747  230.598  458.361  260.268
428.614  246.864  350.085  297.106
549.289  337.967  465.943  381.52
547.521  247.265  463.292  277.76
307.184  180.309  262.951  251.816
349.786  196.922  289.725  262.541
333.932  238.906  278.846  303.648
90.7561  348.327  144.147  404.113
245.882  289.354  224.93  349.944
539.157  258.766  453.748  292.891
541.359  242.855  456.537  273.081
528.261  221.686  441.713  253.85
425.425  425.303  348.503  475.601
338.628  209.712  282.297  276.788
479.941  204.748  394.353  244.939
484.121  222.452  398.11  263.916
417.991  435.857  341.566  486.229
511.143  230.324  425.234  265.833
425.687  385.202  349.354  434.797
468.251  224.062  383.059  269.328
434.083  258.722  352.743  310.823
522.687  213.589  435.509  246.678
548.597  438.431  466.473  499.67
623.408  187.815  553.405  188.039
428.873  236.844  349.78  288.06
441.964  219.67  361.054  268.325
483.125  204.777  398.144  244.272
222.816  226.857  212.237  301.881
439.905  210.174  359.577  258.818
446.185  213.358  364.512  261.462
403.522  351.852  328.81  403.704
533.491  273.863  448.599  309.231
673.54  202.786  624.855  190.52
542.937  314.916  457.885  356.661
415.274  320.46  339.028  370.425
420.938  439.109  343.136  489.985
504.747  196.763  416.944  233.425
219.127  173.421  210.787  259.579
412.798  243.644  336.341  296.417
339.337  399.364  283.272  447.094
426.21  226.072  346.837  279.217
207.824  200.479  203.503  284.142
533.112  296.487  448.323  334.891
404.488  318.638  328.227  371.835
537.468  250.308  452.72  281.851
517.345  266.196  431.131  304.685
235.494  323.769  217.366  381.929
558.996  369.219  477.186  418.728
567.097  351.476  485.085  397.098
532.711  305.733  448.126  346.298
150.823  195.682  175.277  286.683
394.304  417.101  322.424  466.066
672.693  162.842  621.395  138.723
313.256  378.104  264.01  428.076
547.521  247.265  463.702  276.388
542.931  231.086  458.361  260.268
350.72  225.433  289.661  289.212
90.3849  370.996  143.246  420.34
469.376  197.181  385.14  240.067
564.878  352.099  482.945  397.694
89.4285  348.258  144.446  404.422
369.869  272.242  303.209  329.366
469.418  182.783  385.118  225.36
469.271  217.633  385.33  260.784
312.311  399.924  262.937  448.028
343.755  366.198  289.89  410.552
417.49  341.009  339.521  391.892
529.749  264.222  444.166  300.42
661.304  135.489  606.097  105.673
503.35  259.475  416.561  300.163
471.707  499.478  346.69  555.893
528.525  223.11  442.32  255.202
469.484  207.119  383.419  251.391
533.684  261.872  448.303  297.149
447.972  213.146  365.609  260.099
532.266  225.204  446.031  255.619
404.399  451.311  329.846  500.92
502.334  209.164  416.329  243.646
323.968  234.453  270.645  303.164
557.308  354.327  475.243  400.11
672.688  186.171  623.083  168.801
480.779  167.174  394.049  207.023
477.682  211.327  392.61  253.171
513.457  215.723  427.089  250.16
531.157  223.415  444.404  254.328
410.847  273.207  335.121  326.335
341.687  447.426  284.071  492.997
504.467  216.963  417.715  252.478
323.073  445.058  271.155  488.474
305.329  193.475  259.595  268.239
466.73  217.522  382.731  261.699
458.912  144.107  375.802  188.81
532.128  235.827  445.902  267.5
400.997  341.718  327.653  393.278
335.908  174.824  281.127  245.459
424.929  255.711  346.746  307.166
527.119  249.511  440.775  285.083
112.14  478.125  152.706  502.846
545.938  235.749  460.972  265.744
246.512  342.705  223.988  394.966
634.613  188.959  569.235  185.268
478.217  249.785  392.991  293.496
444.926  239.556  363.661  287.933
299.318  292.555  260.021  340.542
557.766  355.1  475.761  400.955
398.254  435.843  322.253  486.034
432.513  482.816  357.01  535.87
422.217  476.277  345.304  527.872
539.093  221.891  451.853  251.824
530.105  235.166  440.537  270.535
152.691  106.962  177.53  220.544
453.996  212.772  370.241  259.311
246.471  377.56  224.956  424.127
550.902  323.315  467.897  363.863
104.33  473.721  149.108  498.859
546.473  262.993  461.356  295.613
295.614  293.888  254.486  350.48
413.895  225.104  338.405  278.112
566.538  352.196  484.603  397.739
523.312  212.944  436.438  245.816
536.933  395.808  455.384  449.037
248.781  270.104  226.56  336.212
519.106  223.984  432.319  256.978
510.478  204.016  424.224  238.096
407.447  428.356  332.063  478.088
511.395  229.033  425.575  264.643
536.623  239.694  452.148  269.326
463.898  151.774  379.366  194.49
452.563  212.476  370.383  259.211
564.602  353.083  482.669  398.686
470.169  226.841  386.083  270.496
550.539  284.854  465.008  320.815
545.145  236.403  460.648  266.232
349.69  199.353  289.282  264.909
85.2905  332.036  144.046  395.764
535.454  443.253  453.197  504.87
534.276  274.944  449.211  311.806
464.149  224.469  378.919  269.562
531.668  371.534  448.444  421.253
452.57  214.045  370.423  260.78
566.59  353.992  484.655  399.829
530.935  234.36  444.929  265.626
281.492  205.361  244.866  280.8
592.353  185.488  513.92  195.512
617.617  166.857  545.92  164.002
391.455  249.59  321.231  304.345
421.102  440.336  344.363  490.655
452.426  212.46  370.241  259.311
547.792  297.885  462.262  335.974
220.567  332.888  210.012  389.432
488.102  223.42  401.347  263.258
469.281  211.087  384.239  253.749
548.195  278.973  464.672  314.096
423.019  362.459  345.248  411.862
531.648  233.011  446.719  264.663
614.827  210.119  541.046  218.38
534.522  284.991  449.801  322.948
420.81  215.226  341.999  268.417
467.525  222.829  383.628  267.019
353.867  424.157  291.494  472.723
294.681  176.487  253.507  252.92
130.501  213.812  165.493  302.073
532.627  257.829  446.189  293.973
423.929  350.015  346.249  400.773
530.935  234.36  444.299  266.209
450.273  206.862  368.955  253.268
564.917  353.34  482.947  398.927
312.822  194.235  265.694  267.311
531.362  225.311  444.506  256.225
406.323  430.491  331.343  479.97
207.074  204.113  204.173  286.409
408.768  244.192  333.672  298.7
543.747  230.598  459.546  259.616
468.577  238.307  384.126  283.512
545.993  246.434  462.216  277.08
404.273  445.09  329.992  494.342
87.4242  270.123  145.994  351.192
488.015  188.016  403.166  225.507
531.173  304.059  446.463  344.949
546.649  221.231  463.876  247.041
106.141  330.449  152.174  389.32
452.501  212.499  370.347  259.454
321.034  254.814  269.776  317.358
471.804  226.031  387.626  269.497
432.234  483.039  357.01  535.87
466.443  194.138  381.896  236.401
546.581  383.599  462.742  434.709
455.255  218.152  372.387  265.211
246.035  329.485  224.126  387.925
517.345  266.196  429.318  304.863
477.447  209.415  393.372  250.318
414.608  372.753  338.486  422.033
247.458  434.224  226.03  472.304
669.29  115.517  614.291  79.551
543.595  231.147  459.355  260.397
539.503  302.179  454.201  340.959
527.265  251.97  441.308  287.793
400.016  426.399  324.448  476.294
422.131  368.071  344.589  419.242
398.617  347.405  323.433  399.496
130.501  213.812  165.645  302.262
462.576  185.663  378.49  228.414
409.249  498.899  299.549  548.172
294.97  242.549  256.032  304.673
344.119  270.938  285.669  332.207
249.425  434.217  225.841  474.931
535.724  333.057  449.554  377.019
495.667  248.961  409.501  290.153
364.849  444.685  299.152  491.273
440.369  213.999  361.505  260.919
489.331  222.628  400.428  267.198
474.573  222.71  390.32  265.464
493.305  191.267  407.731  228.547
245.649  382.814  223.706  431.794
527.055  250.724  441.315  286.295
547.745  288.76  462.857  324.683
63.6893  364.905  132.284  414.473
566.239  362.965  484.863  410.077
343.417  285.865  285.845  344.329
503.704  215.13  418.244  251.171
513.094  250.672  426.189  287.146
537.072  224.666  451.659  255.294
539.451  273.209  455.474  308.762
411.306  271.298  334.934  325.892
410.865  406.993  334.951  458.433
268.807  196.991  237.604  272.849
469.052  226.721  385.891  269.909
302.741  223.802  260.024  291.506
525.023  233.63  440.58  266.185
452.683  196.061  369.509  241.451
173.077  187.445  186.884  280.522
227.736  431.967  212.359  469.508
391.997  455.84  318.941  504.267
549.806  257.015  463.76  291.192
516.45  212.199  430.571  245.714
477.771  175.866  393.061  216.491
544.784  249.277  460.338  281.355
417.72  326.895  339.911  377.081
449.463  215.711  367.206  264.401
524.966  210.987  438.509  243.374
280.335  190.454  246.015  267.583
528.525  223.11  441.713  253.85
428.728  364.799  351.664  414.808
435.541  229.615  355.816  280.113
415.215  463.905  336.052  514.547
393.463  457.84  320.655  506.166
403.155  390.34  327.017  440.872
445.457  226.588  362.578  277.867
516.578  226.833  430.947  261.541
505.779  195.851  420.154  230.191
598.022  188.853  522.183  196.959
551.628  268.437  466.999  300.562
356.736  228.857  295.968  289.98
335.768  185.389  281.791  253.761
400.25  280.044  326.103  332.547
548.004  257.094  462.636  288.362
450.24  199.146  366.886  245.704
404.438  424.467  328.315  474.233
420.859  411.451  343.858  463.009
525.049  250.363  442.226  283.44
409.845  247.087  334.005  302.725
499.941  231.341  414.6  269.612
500.356  399.625  417.5  452.633
481.951  210.768  397.334  251.508
440.51  204.365  359.011  252.115
238.613  305.934  221.419  352.299
444.155  213.217  364.419  260.334
406.02  199.352  331.16  253.29
345.045  359.713  288.424  409.823
471.715  197.233  387.523  240.29
545.289  303.962  460.216  342.254
539.959  453.074  456.497  515.454
565.212  364.49  483.329  411.85
94.0167  233.38  149.174  321.34
403.366  456.436  328.766  505.413
347.271  373.632  289.009  424.047
557.308  354.327  474.076  400.011
515.095  226.159  430.413  260.193
251.549  436.925  229.085  474.682
303.236  440.726  260.425  483.306
542.671  225.346  458.552  254.235
464.482  179.666  379.854  221.797
539.766  378.051  455.997  427.48
209.82  214.558  205.946  294.259
658.065  103.671  599.945  67.9167
313.256  378.104  265.819  428.125
354.752  224.045  292.747  290.732
423.409  260.986  346.096  312.762
426.978  261.619  348.996  312.973
552.385  388.389  470.48  439.584
203.867  212.577  202.854  292.388
252.816  248.108  229.166  320.366
456.235  188.58  371.089  235.11
563.37  232.961  478.268  258.553
486.524  211.893  403.193  249.856
545.304  404.562  463.095  460.721
465.674  176.169  380.981  217.727
236.904  351.917  217.337  404.298
496.575  230.477  411.879  268.936
531.454  434.219  452.407  493.849
406.076  345.072  329.77  399.195
423.787  480.569  346.007  531.886
461.195  244.522  379.944  288.718
476.7  158.087  391.785  199.469
547.906  245.304  463.621  276.759
437.536  215.747  359.942  262.583
548.748  342.346  465.885  388.098
618.49  165.199  546.952  162.6
460.923  210.973  378.18  256.486
485.387  152.193  400.762  189.455
91.1214  251.866  147.945  335.617
251.793  444.827  224.206  484.994
477.245  209.232  392.947  251.367
348.986  375.851  287.562  425.644
336.411  184.312  282.325  253.364
413.158  456.537  334.807  506.578
422.933  351.09  347.294  401.043
454.018  218.589  372.387  265.211
395.18  431.731  323.914  479.334
550.218  408.973  467.947  463.864
470.542  223.094  387.654  265.99
444.703  206.974  364.411  255.203
213.433  251.807  207.644  323.842
315.392  359.332  267.149  411.797
486.395  190.164  399.689  227.494
531.492  301.362  446.793  342.584
302.615  223.948  260.195  292.316
382.557  434.796  308.92  483.862
408.673  347.208  332.171  401.026
223.751  254.051  213.376  324.377
396.234  402.867  326.338  452.593
544.713  320.978  460.05  361.355
312.49  206.14  266.538  276.024
135.245  265.483  167.661  340.319
444.403  195.079  364.773  242.446
492.58  189.082  407.268  226.957
533.88  477.66  449.419  545.917
400.678  423.27  325.049  472.602
425.107  242.049  345.53  297.363
503.183  239.899  417.54  279.059
113.388  265.944  156.883  338.792
482.62  214.278  398.158  255.383
435.792  214.577  354.132  263.958
404.422  262.082  327.688  316.697
452.459  213.925  370.971  261.048
441.977  488.4  355.998  542.027
355.313  226.777  291.793  289.908
528.755  218.103  442.611  250.898
218.42  233.691  210.563  309.953
448.506  199.674  365.118  246.257
560.65  193.631  477.514  214.763
495.225  206.784  410.283  244.571
523.56  258.949  438.858  295.701
447.664  206.306  366.787  254.43
529.212  269.517  444.175  307.199
529.606  299.352  444.698  337.211
444.596  238.508  361.909  285.719
323.796  445.211  270.093  488.538
516.595  234.41  432.408  268.965
398.051  436.482  323.565  485.138
597.114  173.387  520.854  179.314
548.433  334.123  464.735  379.185
250.846  428.392  228.692  467.629
213.402  251.873  207.641  325.399
428.716  211.404  350.991  262.937
487.168  258.292  399.829  299.896
237.4  425.708  216.697  466.47
495.766  228.085  407.499  266.865
537.012  348.125  453.766  395.215
222.859  258.584  213.07  327.162
422.558  380.301  345.134  428.702
405.316  215.829  333.645  268.734
592.936  186.366  515.763  196.438
252.324  387.498  227.702  437.269
538.692  389.722  455.647  440.375
593.814  196.644  516.825  208.657
498.665  155.63  413.771  189.141
362.759  241.788  300.842  300.985
496.988  181.432  410.585  219.34
218.193  231.907  210.988  304.149
87.7409  304.686  143.001  362.976
557.766  355.1  475.243  400.11
542.022  232.597  457.05  264.076
533.994  347.706  450.885  394.74
548.014  264.808  461.891  297.161
532.531  327.226  448.933  371.543
466.108  153.186  383.492  195.801
402.531  419.316  326.533  468.566
342.627  212.733  282.884  279.259
279.475  194.29  243.207  269.803
510.505  229.722  425.557  266.039
455.172  188.371  373.667  234.511
511.569  198.15  425.604  232.692
666.025  195.301  614.744  183.566
397.725  251.106  323.636  304.801
353.749  361.202  290.635  411.908
310.838  176.596  265.687  251.587
350.377  412.839  288.761  459.451
247.747  270.312  226.576  338.704
251.768  438.597  224.932  478.004
505.089  246.468  418.79  286.898
398.412  438.894  324.954  486.928
111.842  328.137  155.46  386.114
297.688  205.453  258.324  273.926
469.154  226.229  386.083  270.496
438.221  211.226  358.932  261.312
422.081  394.856  344.534  447.185
460.89  207.802  379.387  252.109
535.384  275.835  451.097  313.403
405.387  443.462  330.459  491.948
186.707  239.482  193.922  318.139
353.122  228.079  290.731  289.541
545.068  252.19  463.888  282.637
211.6  256.172  207.504  321.042
491.859  219.515  406.318  254.877
539.933  252.562  454.884  287.251
271.15  232.165  241.822  299.562
564.185  376.271  482.354  425.233
254.018  242.765  230.813  313.949
418.267  443.961  341.856  493.103
249.85  431.52  223.464  472.297
331.344  184.792  279.645  253.789
358.539  221.247  296.126  278.766
347.979  400.839  288.036  447.118
667.957  141.599  615.922  112.526
97.2715  262.972  150.893  342.887
364.593  225.344  301.074  288.705
552.389  454.205  469.342  517.66
651.165  114.597  592.219  84.1076
558.818  369.485  476.894  416.781
200.312  224.505  197.914  303.341
401.264  466.276  323.782  514.933
430.578  242.329  353.416  292.356
227.727  441.378  211.026  478.441
248.58  228.33  228.471  298.955
449.638  480.743  361.673  534.755
296.218  295.219  252.979  353.273
530.131  315.061  445.906  354.141
554.901  252.133  466.844  283.389
415.252  213.417  338.061  264.366
663.909  174.592  611.754  156.715
447.71  209.44  366.861  258.259
669.844  158.034  620.66  131.996
512.567  215.01  426.867  250.833
656.748  74.2182  596.534  27.4646
87.9315  263.03  143.262  343.794
564.917  353.34  482.945  397.694
300.788  229.303  259.665  296.679
471.037  167.324  389.541  206.835
395.97  435.157  322.577  482.991
399.55  439.51  325.213  487.601
512.555  191.401  426.347  225.903
309.017  416.295  263.746  462.69
310.561  437.912  263.79  483.265
671.316  136.014  621.357  103.263
414.134  425.72  337.281  478.505
333.539  183.249  281.242  252.217
345.073  211.826  288.101  267.76
236.468  341.934  217.466  391.233
667.084  101.407  612.881  61.6033
425.19  210.575  346.108  259.681
245.141  265.468  225.388  335.096
402.655  251.015  330.239  306.087
464.327  212.176  383.632  254.636
305.004  192.148  257.82  267.746
447.988  212.363  367.338  260.932
525.232  260.713  441.972  296.769
413.437  456.104  335.288  505.457
480.478  209.162  391.648  251.239
477.447  209.415  393.857  251.614
533.266  207.577  451.978  233.506
283.282  221.765  248.461  294.096
498.584  235.497  414.337  274.541
430.563  213.328  350.173  261.897
245.828  459.534  220.689  495.904
400.097  391.509  323.194  441.742
223.135  349.194  212.003  406.382
398.788  231.689  328.43  286.214
465.952  226.98  382.79  273.004
263.188  334.082  231.685  389.852
464.52  213.616  383.453  256.759
347.053  398.922  286.794  445.461
672.688  186.171  623.354  170.533
427.729  216.245  349.09  263.074
228.555  229.108  216.673  306.33
239.85  322.352  221.409  384.878
335.703  183.942  282.707  252.907
222.878  223.39  213.749  301.151
568.062  335.53  485.41  381.124
534.75  220.475  448.806  247.287
226.229  252.903  211.15  325.667
675.889  160.115  629.462  132.862
675.247  94.925  624.416  49.5061
481.355  98.6423  397.357  136.259
218.555  322.727  211.042  376.534
510.784  195.454  424.945  230.625
335.545  184.017  282.707  252.907
369.65  224.053  305.105  286.765
218.276  418.156  209.232  460.364
531.72  261.631  447.679  298.07
272.112  207.908  237.436  285.461
229.932  216.735  218.321  290.719
531.822  327.545  447.688  372.965
416.659  321.613  338.026  371.222
545.876  412.986  463.546  471.759
447.816  200.163  363.95  246.392
233.59  234.215  219.583  309.864
348.666  457.714  286.07  501.546
410.461  423.9  332.863  472.808
423.945  259.813  345.521  314.806
482.995  100.117  399.179  136.891
355.113  357.971  294.193  411.582
421.983  310.109  344.447  357.048
391.452  257.216  323.7  310.403
527.603  269.484  441.156  309.688
309.537  228.495  265.45  295.607
468.387  217.881  386.867  260.906
278.253  266.33  249.766  315.725
282.455  220.407  244.059  291.83
315.81  367.044  268.287  419.027
468.995  205.813  387.31  248.496
311.271  259.399  264.196  328.865
400.028  368.414  328.945  419.877
471.488  222.971  389.05  266.604
225.632  235.882  215.301  311.789
667.957  141.599  617.242  111.987
245.389  235.533  227.097  305.038
371.267  224.729  306.906  286.29
514.908  199.267  431.312  231.261
523.831  214.24  435.041  244.955
465.032  176.076  379.51  216.976
666.438  102.042  614.299  60.8275
142.693  167.773  173.812  269.123
199.479  190.879  197.353  274.097
257.501  247.751  233.49  317.862
109.65  280.232  156.427  352.341
487.794  235.167  403.226  277.823
106.569  374.206  152.865  420.666
403.704  387.845  327.038  436.932
220.33  243.132  212.507  317.609
256.827  203.868  233.464  281.952
509.683  192.81  424.355  227.961
163.98  196.994  183.682  284.207
668.956  78.0476  615.144  31.1417
674.91  95.1592  623.972  50.5798
345.37  194.029  289.924  259.768
445.018  205.481  365.667  254.298
338.286  202.556  278.414  272.597
639.726  69.4528  574.005  36.139
202.488  195.611  203.488  283.059
104.858  307.743  154.642  376.242
534.347  443.724  452.082  502.171
223.786  290.868  213.809  357.614
553.093  315.312  464.175  361.957
498.487  244.174  414.649  284.395
90.4986  321.721  145.583  377.888
516.252  67.3165  431.357  90.319
481.262  214.699  399.172  255.03
665.072  103.373  611.5  64.529
246.614  311.246  226.518  372.677
571.326  47.2892  488.596  45.7496
652.766  114.047  592.153  78.7579
133.054  180.292  169.338  278.919
367.295  398.918  304.33  442.771
348.391  211.598  288.076  271.082
462.634  229.117  381.179  275.12
304.074  199.454  263.999  266.086
490.223  247.556  397.964  291.619
382.796  58.214  317.118  128.97
446.065  260.37  371.197  303.7
448.564  42.9683  368.946  92.6889
534.923  242.958  454.103  274.242
677.881  82.0409  628.364  31.8974
280.726  274.396  246.609  321.598
351.406  258.285  290.519  312.191
211.106  332.236  207.497  384.099
256.12  181.925  234.058  261.384
90.0225  270.45  146.525  339.008
699.893  85.9816  663.971  23.0114
635.843  109.521  572.919  84.2915
415.265  257.177  337.492  305.974
452.385  103.43  372.649  150.285
651.736  197.066  591.456  187.117
269.957  233.574  242.438  300.251
545.913  256.616  461.197  292.566
211.042  307.07  207.513  366.843
504.472  200.148  421.965  234.322
485.491  233.099  397.086  272.514
555.193  452.285  472.465  514.46
393.771  269.362  325.319  323.629
247.751  396.612  223.001  437.459
668.771  78.2794  615.189  32.0649
173.306  196.608  189.011  285.83
486.357  95.2672  403.575  130.156
541.248  217.912  456.313  249.748
567.411  330.918  485.368  376.478
668.047  98.9509  614.786  59.0818
239.51  280.991  223.02  349.589
522.679  201.171  436.143  236.541
314.096  197.232  268.975  269.66
89.793  234.712  149.585  323.699
497.56  40.6936  413.101  71.4989
603.631  63.122  527.825  47.5933
164.297  477.349  180.042  503.13
555.289  345.267  473.809  393.085
527.03  216.752  438.486  245.569
431.799  202.423  349.512  251.309
552.342  441.675  466.44  501.563
497.747  38.7953  413.266  69.6592
603.298  69.7266  529.053  53.5682
131.473  171.97  169.35  272.956
208.342  251.973  206.759  326.156
241.269  421.985  222.379  467.436
251.309  336.363  227.832  374.872
522.494  239.902  437.934  277.266
417.865  277.622  340.565  323.667
430.261  492.349  349.216  542.69
431.902  265.584  356.051  315.995
289.973  246.62  256.849  303.819
547.09  25.6609  463.468  32.2362
658.425  85.1172  601.36  45.9572
471.44  151.103  381.412  194.319
223.339  264.793  208.292  333.174
668.015  77.7313  615.144  31.1417
310.151  450.845  261.615  490.044
489.683  30.4436  406.029  64.362
211.22  228.868  208.912  305.583
224.958  257.658  208.802  330.621
198.878  196.169  196.007  274.884
511.749  63.4465  427.433  89.1411
189.575  216.703  197.723  294.55
448.212  42.1992  369.693  91.85
397.005  322.714  321.154  372.741
442.087  60.3275  364.858  110.992
421.574  447.003  348.066  493.579
244.053  305.692  226.412  367.109
396.603  247.652  326.981  304.854
170.178  195.55  188.123  284.903
247.91  99.0865  230.745  197.122
529.963  328.502  445.846  367.148
268.803  264.472  234.223  328.891
297.979  215.276  258.757  289.579
294.816  474.257  247.06  511.677
656.667  102.491  599.813  69.0424
263.038  345.347  231.606  393.036
225.405  259.414  208.802  330.621
279.68  193.137  240.959  268.722
297.979  215.276  258.757  289.579
