41
167.307  110.766  656.086  305.558
208.292  333.174  160.288  282.653
625.826  185.702  154.36  273.731
411.156  305.077  64.7099  320.046
603.13  210.582  217.178  215.097
536.607  290.845  109.652  285.488
526.943  290.419  179.316  319.276
445.202  243.792  402.495  297.491
609.739  183.134  220.609  189.815
579.166  288.308  356.67  257.688
596.273  210.935  213.972  216.666
580.086  265.251  155.361  287.822
438.943  269.929  65.2659  307.237
483.338  368.193  91.2123  512.244
509.846  314.38  137.784  240.621
538.673  287.979  111.068  283.941
627.553  197.435  223.975  208.104
627.734  199.871  223.491  210.768
605.086  172.569  219.147  180.204
635.656  224.833  226.066  226.306
317.532  458.516  241.493  203.548
470.209  396.386  71.8371  512.869
524.438  286.311  176.538  305.653
144.965  363.124  242.113  234.134
624.855  190.52  222.759  228.608
190.953  314.515  142.082  272.498
144.535  111.74  540.971  312.097
658.279  314.862  612.798  235.413
657.722  314.87  612.798  235.413
492.854  282.039  94.041  286.701
186.699  332.429  134.391  273.45
463.379  294.584  173.217  295.387
418.583  257.589  94.1123  276.789
435.559  224.159  22.0664  298.692
176.906  308.903  129.33  272.24
547  272.109  125.956  272.792
471.26  401.703  71.4993  511.614
421.967  250.482  25.2272  320.872
620.846  99.699  230.239  111.211
565.687  271.466  129.392  269.705
657.722  314.87  612.798  235.413
