193
205.449  340.228  83.3724  378.669
547.339  321.409  427.776  319.938
545.3  342.551  421.792  346.143
236.096  84.1917  116.922  111.216
660.067  209.863  552.766  158.322
474.549  443.596  253.349  481.915
552.453  210.068  451.231  185.201
594.092  215.107  489.241  181.629
562.351  173.989  451.433  138.84
531.662  172.249  400.958  142.376
507.235  307.706  332.678  308.463
570.858  232.912  470.141  208.82
660.002  247.474  558.421  207.375
504.014  156.359  343.163  127.278
427.291  59.1847  185.006  23.787
511.424  148.669  356.296  116.843
482.246  421.172  299.698  451.006
204.408  333.518  81.9827  371.994
449.922  106.543  233.296  76.0856
464.142  125.494  261.839  96.3006
435.192  429.767  168.068  469.997
660.334  257.122  559.503  219.98
461.606  115.185  256.829  84.5221
557.657  237.131  452.743  216.077
569.549  160.527  457.861  120.513
546.616  171.161  423.635  137.921
204.252  334.01  81.9827  371.994
560.134  323.468  452.651  320.312
226.277  409.715  86.7025  450.317
566.511  205.435  463.323  175.863
482.058  307.962  279.448  312.74
496.92  451.239  302.825  487.985
683.896  212.777  603.169  157.633
565.155  222.367  462.275  196.539
469.479  114.549  267.587  81.6931
290.408  171.928  130.402  188.835
232.8  95.9148  121.84  123.974
464.676  123.122  261.819  92.9452
511.424  148.669  356.243  117.539
563.123  209.525  460.987  182.818
561.844  324.292  454.927  322.216
204.252  334.01  80.9015  371.646
525.866  180.69  389.337  154.042
556.842  293.772  448.738  284.142
416.964  465.926  609.813  473.033
303.982  364.057  115.28  396.622
477.08  135.555  284.448  106.98
272.258  356.725  104.568  392.35
643.189  214.847  533.247  169.8
544.648  168.287  421.152  134.298
649.621  213.663  541.732  166.82
657.482  228.603  554.012  182.511
208.524  340.203  83.4866  377.447
637.959  219.092  523.216  176.236
656.338  210.483  548.112  158.917
658.094  167.033  556.117  103.566
260.287  385.626  99.6288  424.784
507.742  329.182  336.617  333.651
427.291  59.1847  183.706  24.7062
509.006  154.827  352.261  123.505
494.054  314.593  304.552  317.53
208.063  340.291  83.4245  377.34
571.091  221.501  467.614  195.936
207.528  340.129  83.7374  377.138
459.665  333.206  229.66  344.962
487.546  309.296  290.54  311.825
302.711  348.053  116.423  380.941
225.84  65.4946  109.279  93.2118
471.731  119.65  274.941  89.617
204.868  347.2  82.2371  384.62
440.383  476.564  177.306  526.722
556.824  368.453  445.241  375.135
433.146  313.969  174.587  324.766
306.818  425.011  108.109  464.961
546.815  343.855  421.792  346.143
282.815  474.845  95.2641  524.297
488.416  256.11  297.822  246.782
626.907  167.586  520.824  115.72
484.52  324.328  284.038  330.422
430.229  79.3723  191.632  48.5843
490.528  307.51  298.897  308.962
485.839  309.274  288.588  311.695
430.229  79.3723  192.53  48.7885
503.497  169.005  338.715  140.435
633.55  219.923  525.779  179.654
210.245  341.101  84.9243  377.51
478.214  117.876  293.657  87.6258
644.044  214.004  533.059  169.242
541.808  295.017  414.584  286.641
485.507  307.167  288.229  308.965
493.709  315.048  304.117  317.505
306.398  61.9425  138.235  65.8955
567.655  299.624  465.422  292.405
238.17  409.718  88.636  448.656
649.254  222.214  544.271  175.226
507.224  325.149  334.244  327.95
589.996  207.54  483.385  171.173
485.33  320.26  277.907  328.943
498.275  261.276  319.895  251.198
627.389  167.322  520.824  115.72
576.253  158.68  465.832  114.789
575.9  194.091  469.021  162.215
568.371  221.54  463.6  197.34
543.736  347.033  416.914  349.768
475.858  316.613  262.38  321.564
574.549  158.204  465.832  114.789
486.8  318.675  284.59  326.936
555.557  338.009  444.001  341.387
542.928  199.148  419.266  170.287
466.032  129.87  260.313  98.502
471.108  118.564  274.941  89.617
450.418  110.425  239.762  83.8451
456.024  314.387  232.035  321.184
610.1  148.383  493.349  96.4247
511.33  171.941  357.883  142.339
672.639  165.141  566.035  94.5587
501.293  157.383  333.989  126.029
552.123  301.591  438.843  297.708
655.611  231.13  552.821  184.561
223.157  68.5281  107.261  100.897
539.951  198.696  419.74  175.641
541  343.084  408.622  350.177
570.173  407.473  471.264  426.051
462.799  367.812  237.98  391.285
441.195  86.9551  203.325  50.0459
467.665  300.042  243.764  301.57
433.353  391.631  168.414  419.254
566.557  288.978  462.729  280.577
464.234  321.2  239.978  327.883
495.551  137.338  324.576  108.938
539.179  342.209  407.591  343.494
439.155  84.9242  201.504  48.0467
566.557  288.978  462.788  280.765
656.729  205.275  545.156  156.097
338.361  92.1031  155.622  94.5877
474.615  322.958  261.992  328.426
486.524  155.266  301.644  124.647
475.871  315.054  259.575  325.077
433.233  300.311  176.739  306.158
224.954  70.9579  108.115  96.8881
241.393  417.357  89.6621  462.094
548.188  456.151  420.814  490.697
565.677  160.442  449.7  124.726
483.55  307.729  285.844  315.301
272.947  358.587  104.403  389.89
573.329  227.092  475.947  197.779
478.119  273.856  269.129  267.36
500.899  158.421  333.989  126.029
306.642  362.24  116.923  399.166
565.027  436.244  461.819  463.74
280.103  469.71  95.6448  520.901
433.18  369.051  169.989  390.056
465.917  296.803  241.19  296.667
566.142  304.941  462.329  301.281
559.056  156.2  444.988  122.228
294.086  457.798  103.665  499.247
370.836  75.1998  164.996  66.8079
492.149  322.56  303.283  324.088
562.533  155.678  450.924  121.803
542.197  201.334  449.801  172.75
460.044  323.683  233.871  329.45
632.442  212.891  519.469  173.976
436.799  274.809  187.111  272.64
580.373  234.452  476.109  203.092
452.376  317.06  212.507  321.906
636.228  204.003  525.567  162.544
452.376  317.06  211.306  321.739
633.85  215.777  522.228  178.068
503.076  314.606  323.268  323.293
533.134  433.969  386.436  455.788
580.054  156.984  460.457  118.661
446.007  109.17  236.771  87.2246
641.125  224.392  531.251  187.598
239.146  79.2442  121.888  99.6649
235.35  379.22  93.4088  423.956
503.091  314.277  323.268  323.293
372.626  494.457  117.576  544.193
474.555  316.667  270.232  330.084
565.339  153.842  453.736  120.401
376.938  74.7314  165.973  66.1313
663.414  166.451  554.872  108.64
516.709  152.148  347.249  110.88
485.125  322.469  294.168  322.169
457.613  135.412  255.712  102.442
528.843  351.567  382.183  351.954
300.479  365.645  113.95  407.454
319.824  477.118  111.842  534.337
557.45  239.518  451.688  227.388
386.958  78.6502  164.089  68.1411
660.547  169.006  551.77  114.166
481.113  323.402  270.987  339.859
300.206  422.013  108.409  454.267
523.626  198.861  382.195  184.817
