89
323.354  317.297  113.584  326.74
466.282  311.565  352.622  308.569
293.937  88.566  103.017  144.588
389.337  154.042  195.617  174.797
519.484  362.813  353.396  345.763
297.115  483.346  76.722  458.477
558.957  105.224  380.738  66.9909
382.103  330.496  179.551  331.635
309.403  325.305  100.93  334.865
385.507  272.01  179.418  279.914
418.524  320.503  216.3  318.011
371.759  123.951  181.712  152.901
418.634  319.583  216.945  317.074
323.218  336.098  111.163  341.958
401.157  160.972  212.325  177.982
321.14  104.148  127.777  149.987
294.954  490.395  73.3438  463.754
523.437  363.567  360.399  346.058
271.48  317.665  64.2821  332.397
294.028  287.141  86.3318  305.826
396.972  324.694  190.381  324.456
370.237  133.53  178.382  161.94
396.559  330.06  189.112  328.842
448.755  326.4  254.717  319.261
316.332  104.496  123.287  151.929
322.886  316.015  113.435  325.998
311.721  313.753  101.078  325.286
261.246  80.7229  68.4937  146.848
265.268  75.5842  74.2796  141.554
239.729  68.6939  51.352  142.941
402.887  344.808  197.207  341.645
251.573  73.7096  59.851  143.751
409.826  140.94  226.828  156.703
430.116  349.974  232.281  342.957
523.05  365.179  355.975  347.125
390.216  155.173  199.385  175.99
276.156  440.212  72.8074  427.998
402.478  344.742  197.007  340.899
320.676  319.466  111.032  329.269
263.633  316.432  57.1529  332.794
300.36  91.9034  108.537  145.099
266.276  76.2711  76.8776  141.643
295.321  489.635  73.7396  463.607
401.73  165.142  214.913  182.095
282.213  456.081  78.1866  439.201
330.182  326.826  116.078  333.941
251.453  75.8262  60.2719  145.276
377.616  142.572  182.697  167.171
265.282  317.133  54.1369  332.864
307.374  317.339  96.7421  327.793
324.732  313.319  116.885  324.144
345.236  113.596  151.62  150.706
266.928  78.1029  75.116  142.784
504.246  359.057  328.795  344.269
305.445  314.043  94.7559  325.23
284.915  314.061  82.1759  329.573
371.219  133.772  179.036  160.966
405.762  290.916  201.157  294.084
409.823  157.657  222.966  171.682
419.229  320.784  216.933  318.879
370.237  133.53  179.036  160.966
287.264  479.62  66.7006  456.211
394.9  332.26  188.166  332.047
409.987  343.274  205.466  340.065
275.9  483.689  56.006  459.225
402.311  343.116  197.007  340.899
305.826  315.924  94.8987  326.407
399.942  274.854  201.43  281.482
255.421  495.964  36.9624  468.045
288.229  308.965  78.7262  324.924
283.929  311.732  83.3107  326.139
416.558  170.734  229.905  183.803
426.351  338.142  222.934  333.78
411.568  335.29  208.659  330.842
304.193  487.849  82.7232  463.22
381.17  138.125  194.383  161.587
276.159  481.692  56.236  458.064
744.579  427.89  204.581  340.75
330.692  339.556  122.989  345.761
401.215  332.967  197.597  332.639
275.625  125.013  209.034  180.294
404.581  285.331  202.33  290.192
265.66  457.234  63.3209  439.22
326.774  316.591  115.622  327.202
415.258  269.057  230.428  271.72
260.443  97.8026  69.6372  159.568
330.27  132.304  135.72  173.165
304.146  329.454  93.6607  340.086
307.374  317.339  96.7421  327.793
