200
683.712  443.377  416.137  467.421
482.306  355.336  302.692  378.077
660.764  435.335  402.444  459.116
406.39  153.888  263.368  187.697
609.534  462.428  370.967  484.404
497.282  122.103  318.708  146.569
610.06  74.5698  384.339  87.1025
499.13  204.23  315.99  229.238
684.597  474.757  415.361  498.5
569.68  245.669  354.796  267.12
590.492  117.78  374.387  135.39
505.308  188.32  319.935  212.931
360.517  136.217  216.428  180.57
648.218  288.908  400.013  307.881
262.391  248.551  232.498  249.294
655.283  296.406  404.279  316.465
614.542  344.895  377.918  366.686
532.32  370.729  331.048  383.42
665.887  334.143  408.793  352.879
577.854  293.138  358.27  309.009
638.31  320.994  392.743  341.182
387.369  198.13  253.414  232.102
626.661  453.42  381.255  476.788
450.854  342.183  286.439  365.369
655.366  466.795  397.964  491.564
630.413  228.102  391.227  245.814
389.308  140.868  247.999  178.445
634.732  463.707  385.959  487.066
606.894  78.3236  381.836  92.1562
617.91  248.639  383.297  267.513
497.215  122.467  318.086  147.299
619.708  462.76  377.134  485.986
585.988  258.253  363.709  278.96
599.169  463.678  365.114  485.164
663.925  341.993  407.555  363.189
581.369  315.436  359.555  337.904
422.21  337.894  271.193  361.485
517.1  113.896  330.427  136.462
631.912  470.712  384.149  494.298
616.708  290.912  380.692  311.235
669.166  391.951  409.49  415.167
669.44  337.152  411.616  357.99
512.954  266.32  323.342  284.438
627.432  227.333  389.299  245.175
506.291  467.956  312.323  487.027
394.678  132.767  251.34  168.871
464.738  331.429  295.448  351.347
595.429  317.354  367.808  334.313
576.45  298.571  357.297  321.311
648.127  461.887  393.476  484.69
600.088  293.2  370.736  314.734
551.662  323.267  341.726  345.706
560.663  323.633  346.631  348.132
603.644  294.735  372.757  315.526
631.034  463.437  383.954  487.113
585.988  258.253  363.575  278.98
575.503  106.913  363.971  125.662
622.204  474.477  378.347  497.53
442.001  358.202  280.238  382.517
637.537  300.872  392.757  321.023
595.429  317.354  367.895  335.401
611.59  73.3454  384.339  87.1025
624.031  309.064  384.466  331.636
611.463  300.973  376.977  319.737
659.092  345.709  403.879  364.851
678.458  327.301  416.903  348.036
598.093  99.031  376.657  112.05
619.186  463.03  377.096  485.863
613.293  340.209  376.941  365.802
403.947  456.765  260.005  472.41
632.338  469.425  383.596  491.577
406.238  154.365  263.289  188.778
608.824  322.253  376.47  363.935
406.7  287.861  264.534  315.422
492.257  140.746  314.18  166.684
571.253  471.023  348.074  492.158
615.15  343.172  378.984  367.891
604.073  295.164  372.728  315.541
610.862  319.139  375.937  340.082
499.863  241.456  314.366  267.094
648.959  460.472  393.786  484.037
467.211  358.42  297.872  367.524
659.086  265.342  406.987  283.589
387.505  196.071  252.622  230.136
436.29  333.906  279.754  357.07
680.421  461.09  414.14  485.509
599.034  321.927  368.753  340.42
380.239  168.341  247.943  205.484
597.102  257.349  371.113  273.29
612.44  340.761  377.578  364.193
399.785  132.274  253.182  167.738
635.683  435.485  386.546  458.752
610.395  452.932  371.008  476.423
592.004  111.104  371.901  126.284
595.676  303.706  367.288  322.862
551.605  248.122  344.485  264.66
599.001  248.128  371.063  267.221
612.459  77.8752  385.471  92.9172
476.489  344.647  296.049  383.96
411.789  386.4  266.72  405.056
580.478  97.7701  366.835  114.184
362.716  174.6  227.016  220.21
604.32  378.293  369.75  397.909
424.757  341.479  274.369  363.319
639.508  325.615  392.464  346.38
579.63  248.505  359.49  270.206
446.341  170.357  283.987  201.077
464.024  193.363  296.178  223.238
614.186  338.722  379.1  364.653
657.894  472.598  400.439  496.925
472.171  148.588  303.744  176.146
387.971  330.131  252.731  354.822
672.803  431.586  410.919  454.761
654.576  346.356  402.999  367.859
373.946  145.524  237.551  186.335
587.974  103.505  371.229  120.128
600.04  315.643  369.145  337.462
663.978  452.066  404.966  476.391
385.731  198.242  251.369  231.891
537.008  283.002  333.911  305.193
644.629  466.252  392.714  488.751
601.941  267  371.781  286.373
558.96  299.827  345.826  321.253
548.374  251.176  341.069  274.115
642.086  434.305  389.987  457.585
403.577  130.129  257.93  163.911
580.151  323.112  359.847  340.431
596.63  460.115  362.303  482.082
387.994  200.677  252.919  233.712
400.579  359.668  257.296  391.202
656.969  433.265  398.916  456.644
683.766  409.63  418.859  433.569
535.838  254.951  336.853  276.169
470.251  374.532  296.086  400.133
400.377  139.139  253.226  174.578
404.541  139.809  260.156  173.177
497.41  226.852  311.929  254.147
398.103  166.106  261.337  200.471
581.065  296.845  358.41  319.314
384.944  122.885  237.679  162.692
594.003  312.416  365.479  334.773
473.301  192.742  300.408  223.826
313.238  137.388  163.237  191.953
405.342  130.139  257.93  163.911
382.697  123.531  232.305  164.568
535.876  254.22  336.853  276.169
619.989  378.825  378.496  400.491
596.946  460.051  362.303  482.082
535.663  254.634  336.853  276.169
553.393  465.898  340.175  486.142
675.557  463.249  411.724  486.323
673.899  334.84  412.442  354.395
672.549  333.196  411.805  353.368
548.897  324.563  339.006  346.463
468.024  210.999  300.142  232.803
498.201  269.72  314.682  295.927
668.847  344.139  412.232  365.11
644.033  466.4  392.714  488.751
594.4  109.026  375.45  125.06
586.8  318.43  360.798  340.84
464.023  184.086  298.462  212.476
621.773  78.8913  392.485  91.5016
470.244  348.883  295.432  369.235
414.72  149.277  273.633  177.697
620.945  459.99  376.028  483.059
498.718  124.752  319.002  151.008
614.745  340.231  376.338  360.574
601.093  86.3027  379.755  102.324
634.702  84.1763  399.968  96.0441
449.54  277.974  284.996  304.124
397.937  134.2  252.599  168.724
566.529  107.918  357.044  128.083
538.265  283.249  333.911  305.193
607.938  76.1612  384.589  90.2792
459.104  181.758  295.652  211.147
445.411  171.111  287.066  202.734
534.728  254.522  336.853  276.169
617.118  462.391  373.428  485.048
388.623  190.053  254.324  221.556
416.944  151.088  275.805  178.373
675.776  410.646  414.576  434.143
631.893  473.369  385.709  493.273
587.974  103.505  372.184  120.361
602.971  326.725  369.551  352.137
388.702  205.128  253.771  236.237
393.777  146.87  249.389  182.389
381.806  196.061  245.822  231.521
576.025  96.6938  362.375  119.183
559.399  326.751  343.861  351.328
587.079  323.702  364.592  348.508
591.807  480.068  362.411  500.176
469.54  179.928  306.579  203.47
476.797  393.538  300.221  418.42
608.945  81.3747  385.819  94.6189
421.613  294.803  273.581  322.888
478.471  271.484  302.05  292.103
539.554  244.473  341.77  259.551
390.344  322.048  252.916  346.421
397.732  168.995  260.949  204.883
449.54  277.974  284.996  304.124
