610
317.594  241.625  81.4756  209.92
483.859  465.845  249.086  427.682
337.413  325.494  96.139  286.298
532.291  248.601  335.732  195.325
567.049  279.719  382.807  228.307
632.668  268.546  504.96  210.103
649.49  303.409  527.055  250.724
683.632  399.428  573.481  367.436
537.413  241.945  343.797  186.807
460.445  274.769  235.991  231.288
596.723  479.683  405.074  462.189
527.189  414.518  313.256  378.104
473.247  403.62  241.202  364.262
412.404  243.576  181.228  203.222
348.581  261.587  112.225  226.273
680.284  424.146  564.008  405.875
482.983  266.22  262.137  220.18
551.108  408.223  347.271  373.632
437.854  255.251  209.857  212.776
582.518  404.441  398.183  368.924
252.053  238.283  20.1673  212.083
367.188  250.438  130.327  214.035
558.25  271.356  378.561  219.485
427.896  264.688  197.377  223.266
338.25  266.097  101.061  231.243
315.274  240.922  79.0097  209.513
410.73  251.029  179.11  210.85
598.39  384.943  422.933  351.09
516.922  483.579  289.931  450.256
545.516  269.932  354.91  218.754
359.701  246.44  124.355  210.838
514.836  251.726  308.638  200.901
433.539  241.59  206.458  199.115
340.643  260.139  103.595  225.531
509.541  237.154  306.717  185.451
435.832  252.764  208.09  210.465
318.136  193.796  85.7568  165.397
366.716  250.211  130.327  214.035
580.923  373.917  399.616  334.897
520.886  445.723  299.254  411.846
698.114  436.185  593.789  412.308
425.953  236.436  199.537  194.549
667.985  372.881  549.289  337.967
398.102  224.847  166.997  185.967
516.368  484.681  289.451  450.894
547.592  407.426  342.01  372.552
542.311  266.202  349.752  214.637
398.619  224.627  168.548  185.526
355.886  274.028  118.009  237.398
545.171  277.778  353.122  228.079
343.035  290.111  104.078  253.208
649.585  281.451  531.541  223.571
704.714  160.99  665.258  54.2224
693.891  386.43  596.622  353.451
304.904  242.201  69.4068  211.34
533.592  284.924  335.528  236.827
462.831  231.57  242.903  184.831
427.475  272.072  197.473  230.727
660.355  383.453  533.226  349.442
602.229  266.239  446.352  208.53
405.328  235.615  174.964  195.782
551.854  398.774  347.997  364.28
334.531  270.094  94.337  235.374
435.392  265.654  209.473  223.586
354.261  275.74  116.127  239.091
369.983  252.573  133.838  216.137
433.486  241.537  206.463  198.787
637.99  261.704  512.105  198.204
456.763  274.933  231.501  231.934
325.971  191.892  94.0081  162.76
628.914  284.97  490.136  229.078
500.6  218.469  297.163  165.847
687.194  406.759  579.982  381.081
667.528  290.753  563.344  233.26
316.396  192.498  84.416  164.122
507.7  282.34  293.377  235.946
350.043  265.999  111.965  230.099
462.358  330.641  234.484  289.143
507.558  247.239  301.049  197.076
307.588  242.432  71.5515  211.254
541.47  159.561  364.597  90.8182
424.476  227.975  197.918  186.311
434.828  244.16  206.733  201.701
410.166  263.966  178.008  224.235
337.506  300.349  96.9084  262.944
508.623  243.785  302.699  192.547
592.721  308.622  422.928  261.711
545.989  491.381  329.38  462.436
350.892  550.397  79.7097  496.685
549.004  405.82  345.604  370.412
281.881  203.725  49.3079  178.251
305.079  242.256  69.4305  211.806
599.794  276.681  444.82  222.207
370.572  258.053  137.068  221.547
456.636  277.584  233.59  234.214
281.62  203.475  49.1683  178.047
593.216  404.318  413.342  371.85
449.437  209.477  231.618  163.556
335.81  280.971  96.7768  244.936
565.642  430.892  367.295  398.918
344.668  285.517  105.818  249.306
308.696  243.459  72.8644  212.652
455.061  416.344  220.829  374.767
715.008  434.552  630.252  418.654
661.511  401.543  531.668  371.533
633.159  269.275  504.96  210.103
386.954  234.075  150.823  195.682
527.187  447.206  308.303  413.927
291.521  210.549  58.6049  184.103
660.978  442.522  525.478  400.121
679.907  440.558  558.591  416.91
715.791  193.238  680.161  97.1496
600.766  252.298  445.25  191.131
335.759  280.854  96.8475  244.784
356.52  275.012  118.19  238.118
660.219  302.087  546.278  246.683
347.89  270.768  109.573  234.62
424.532  274.225  196.859  232.904
563.142  431.364  360.495  401.236
537.858  262.979  348.391  211.598
305.387  241.466  69.6053  211.138
666.467  490.931  525.624  481.807
339.316  300.879  99.1584  263.938
313.683  259.095  78.4545  225.987
472.681  312.661  248.781  270.104
338.25  266.097  100.253  231.565
293.841  180.503  61.1754  155.298
508.338  244.101  303.828  193.04
370.078  264.141  132.104  226.757
524.777  285.639  323.313  238.012
370.572  258.053  135.396  221.637
585.285  142.828  440.66  61.9482
437.51  255.197  209.614  212.311
633.372  267.309  501.005  205.47
365.69  252.269  129.87  216.438
521.377  261.249  312.888  211.083
426.01  270.83  198.124  229.317
500.719  229.494  294.178  177.482
471.7  438.499  237.139  399.155
683.371  468.798  561.353  457.283
421.207  262.482  190.73  221.199
586.743  223.607  426.63  158.1
409.869  244.157  179.1  203.642
547.006  269.506  358.233  218.711
576.69  298.361  392.127  251.258
278.463  188.92  47.061  164.988
438.677  252.642  210.804  210.377
594.759  405.07  415.711  371.678
504.961  224.845  302.527  172.088
328.044  247.21  90.9162  214.702
460.359  482.434  220.321  440.555
654.896  293.541  540.086  239.544
404.553  237.354  172.903  197.228
336.345  298.864  96.4804  262.278
404.648  237.38  172.903  197.228
660.3  303.738  548.289  252.978
337.604  301.9  97.5121  265.054
620.306  283.698  480.504  228
539.821  249.6  349.043  196.442
688.296  442.479  575.532  423.722
438.528  256.626  209.82  214.558
347.502  247.908  112.867  213.894
466.767  369.106  236.609  329.302
719.091  243.936  677.609  165.671
530.569  231.754  338.143  176.192
489.559  483.924  255.77  446.197
602.311  255.976  448.041  196.003
521.736  486.438  296.317  453.145
394.555  258.478  163.977  220.349
649.863  282.642  532.461  224.605
701.462  424.306  606.959  407.646
572.176  333.311  383.478  292.006
416.275  230.028  188.445  188.635
456.964  269.058  234.826  225.057
455.514  274.42  233.631  230.75
617.816  280.701  473.067  225.497
436.743  255.207  209.35  212.305
637.476  312.909  504.728  260.988
281.441  187.19  50.4026  163.033
382.149  247.779  148.526  209.758
440.116  266.689  212.802  223.888
396.043  224.851  164.782  186.642
406.931  238.954  177.986  199.827
510.663  238.71  309.529  186.854
614.017  257.096  472.577  196.675
446.046  265.692  219.754  222.35
439.887  267.893  213.004  225.13
594.375  249.619  431.87  187.82
321.345  241.88  86.7915  209.346
349.298  263.035  113.167  226.986
552.61  240.244  370.323  182.933
487.756  476.909  252.785  438.645
587.667  307.906  417.734  259.392
405.034  235.593  175.175  195.416
542.971  274.031  351.175  223.218
433.765  243.251  207.093  201.37
624.461  254.577  489.436  192.508
720.841  271.227  674.956  201.329
481.161  433.338  250.263  393.166
687.194  406.759  579.653  381.437
425.118  228.586  198.855  186.035
453.632  295.042  219.261  254.076
713.815  220.416  669.541  136.112
672.923  386.231  555.998  356.387
545.109  118.116  378.307  41.5234
547.472  408.233  342.119  374.117
399.604  232.509  166.767  192.592
615.838  265.393  468.995  205.813
393.233  230.804  162.473  191.821
649.363  304.13  527.265  251.97
459.602  256.318  233.878  212.342
593.6  294.009  430.578  242.329
379.465  227.187  146.316  189.565
432.894  253.521  205.62  212.165
524.873  478.138  301.573  444.697
459.562  233.993  239.788  187.481
476.577  404.06  245.092  364.285
464.138  363.102  233.651  323.408
309.295  191.841  77.1923  163.832
306.697  239.243  70.5632  209.317
602.716  265.051  450.652  206.895
469.397  278.673  245.389  235.534
646.424  295.202  522.494  239.902
586.726  390.165  406.672  354.323
705.768  412.425  613.651  382.706
637.103  262.243  511.421  201.145
472.04  497.421  231.805  458.004
401.648  227.369  170.897  187.255
574.318  285.062  394.274  233.426
685.836  379.44  581.986  346.353
527.228  414.777  312.795  377.779
362.499  207.561  129.165  173.65
553.567  396.779  353.749  361.202
607.876  247.667  463.338  185.721
265.065  176.276  35.9629  154.904
466.964  157.078  259.919  103.846
579.802  291.653  400.247  241.214
382.322  248.123  148.889  209.837
682.607  406.881  572.077  381.285
307.751  210.959  74.4646  183.28
407.042  238.724  177.986  199.827
343.676  293.131  104.861  255.326
541.172  238.352  351.81  183.373
427.54  256.961  202.386  214.794
481.005  371.886  254.872  330.934
441.914  247.036  216.658  204.701
599.863  253.278  437.911  190.801
418.384  270.063  186.322  228.681
695.863  404.719  598.589  378.782
483.55  471.618  248.911  433.905
402.893  239.996  174.157  199.943
425.69  154.524  207.077  108.807
528.643  435.274  311.732  402.109
488.701  222.446  280.445  173.035
507.327  263.11  297.929  213.741
487.257  255.028  269.861  206.632
611.895  485.729  430.84  465.594
549.695  408.475  347.122  373.48
593.201  277.9  425.015  224.431
528.637  436.874  310.201  402.637
382.477  225.559  149.592  189.195
328.668  308.811  87.7054  272.181
506.362  276.122  294.817  228.338
452.627  275.895  225.458  232.157
582.477  128.312  436.24  43.9872
586.743  223.607  425.789  158.129
506.98  257.749  298.242  207.703
336.425  280.831  97.7625  244.121
724.122  249.561  688.098  172.668
379.075  233.33  145.296  197.285
469.928  517.201  227.488  477.204
548.016  405.551  342.514  369.776
672.391  467.822  541.293  453.198
529.237  477.757  309.193  445.678
636.368  312.623  504.728  260.988
467.846  273.481  246.532  228.411
685.588  405.103  576.435  379.2
331.569  287.043  92.4924  250.089
681.005  390.441  571.782  358.528
614.54  265.971  468.995  205.813
649.863  282.642  531.389  225.67
565.725  261.66  384.154  207.628
527.56  245.054  333.178  191.482
482.275  511.402  245.713  471.543
544.34  118.9  377.26  42.4003
548.426  279.232  354.129  228.302
382.069  226.257  148.43  190.022
681.605  431.953  566.731  419.714
547.689  268.932  358.56  218.554
595.736  256.829  440.634  197.569
522.473  247.74  320.807  196.518
338.979  272.237  101.765  237.954
585.623  289.793  416.054  237.691
531.68  263.963  327.79  213.853
694.656  412.911  593.703  392.434
437.261  252.043  208.09  210.465
453.854  296.882  225.697  255.978
561.789  270.673  381.933  217.172
492.907  269.226  281.966  223.947
572.174  316.572  395.734  268.464
327.037  144.629  98.6674  116.283
527.56  245.054  332.372  191.219
530.838  359.564  324.859  318.016
460.618  204.274  246.872  155.664
481.244  448.827  248.221  411.176
663.228  333.973  546.076  287.452
598.789  479.154  410.768  455.349
643.39  261.689  521.37  197.324
336.311  268.525  98.6842  232.419
506.326  493.36  276  459.307
626.541  279.414  487.034  223.471
590.141  296.981  422.824  245.814
328.813  137.355  100.493  108.808
454.174  207.577  238.168  160.042
361.044  236.663  125.373  200.136
649.416  265.38  532.246  198.69
473.098  493.341  233.877  454.44
477.542  298.249  265.825  255.38
311.353  182.178  79.4144  153.971
260.546  166.772  32.754  146.537
477.671  251.958  256.827  203.868
310.766  179.743  79.6694  151.865
638.503  284.947  503.445  226.997
679.363  391.426  569.875  364.694
455.951  276.462  231.476  232.155
625.154  266.87  485.754  207.099
585.749  336.867  411.137  292.244
555.104  444.768  352.378  411.845
583.43  391.735  401.587  356.376
470.261  502.523  229.691  463.001
585.577  386.171  403.132  349.156
617.983  266.824  471.501  204.94
542.953  284.731  347.739  234.864
679.782  394.361  570.041  367.826
397.482  227.512  166.332  189.913
601.585  461.262  420.881  435.267
331.934  288.973  92.5827  251.551
515.253  304.084  307.144  258.165
469.966  274.066  245.994  231.147
613.065  283.771  460.636  227.894
470.458  502.814  230.005  463.301
635.599  293.657  498.852  239.474
657.503  284.177  542.776  225.242
342.067  261.619  105.85  225.402
393.713  154.353  170.511  114.392
476.356  477.349  240.18  438.746
592.103  296.797  422.824  245.814
581.742  459.321  390.245  430.639
546.597  279.383  354.129  228.302
336.499  300.627  95.5696  262.139
605.273  358.061  433.348  322.601
316.613  138.722  86.7379  111.673
446.782  212.448  207.528  164.656
420.323  232.407  192.907  192.511
464.766  406.322  230.845  364.771
609.544  281.484  455.018  225.181
600.029  224.079  448.893  157.198
600.575  259.896  447.816  200.163
601.132  386.504  425.763  352.684
503.463  282.506  285.6  235.274
645.823  310.964  517.345  266.196
470.171  502.5  229.721  463.077
589.022  465.004  398.724  440.924
513.232  308.084  302.783  262.651
686.151  421.233  576.715  398.619
528.651  245.796  333.178  191.482
700.242  166.463  651.878  63.9052
627.708  268.564  489.151  205.496
610.88  478.245  425.479  465.985
637.229  257.395  512.368  196.34
584.759  472.063  390.896  448.524
480.943  470.617  245.032  433.854
603.797  264.412  452.463  205.166
687.01  415.937  579.971  394.109
335.005  241.093  100.005  206.512
618.632  269.819  476.135  209.792
655.958  292.657  539.048  236.009
579.742  426.326  384.026  398.509
679.057  388.775  569.691  359.584
475.558  285.966  259.877  240.344
687.757  412.957  581.267  387.363
616.789  280.27  471.488  222.971
652.432  280.978  538.087  224.566
669.413  411.284  546.584  384.324
685.32  429.382  571.295  413.179
620.384  266.433  481.653  205.884
476.897  416.963  245.712  375.583
587.392  454.94  400.016  426.398
580.266  324.824  405.595  277.454
505.894  265.34  296.187  218.953
478.965  502.471  241.072  464.27
547.789  275.626  358.779  226.951
595.111  306.355  429.403  256.221
650.703  271.402  533.266  207.577
544.136  250.182  354.578  194.157
474.477  310.883  251.249  266.774
468.876  495.339  228.616  456.438
528.075  237.09  330.784  180.659
492.201  466.417  259.492  427.177
651.666  284.014  536.508  225.664
397.582  252.604  164.959  215.48
592.132  305.493  423.009  255.672
627.719  302.962  486.034  250.227
273.769  95.3712  48.0731  78.0988
397.91  259.401  165.203  218.613
684.829  379.783  578.64  346.332
459.17  523.541  214.477  482.29
496.676  272.639  285.824  224.381
471.162  470.703  237.5  430.058
651.338  268.173  535.103  205.367
671.261  399.621  552.552  371.344
582.609  356.207  402.366  314.396
652.432  280.978  538.422  223.364
504.179  473.735  276.951  438.569
589.261  291.516  419.308  238.955
328.813  137.355  101.098  108.263
474.144  366.951  246.131  324.764
507.138  249.711  299.508  197.704
471.025  295.796  253.236  250.495
692.695  418.503  591.761  399.564
571.232  296.69  391.939  246.018
539.539  240.058  345.106  185.774
506.745  253.361  298.669  201.821
548.962  412.904  344.726  380.195
425.6  231.049  201.639  187.445
528.671  485.503  304.127  452.866
694.03  396.455  596.517  365.115
503.531  254.17  295.189  203.112
544.164  117.987  378.514  41.4722
468.87  375.256  236.341  333.8
471.271  374.457  240.52  332.648
489.559  254.511  281.492  205.361
671.261  399.621  552.893  372.575
502.478  244.898  294.473  192.774
681.938  406.922  572.077  381.285
716.47  207.136  679.714  118.186
678.736  385.287  565.775  354.342
609.855  166.103  476.371  84.0126
534.528  246.99  346.113  192.231
584.131  281.924  413.362  227.316
586.065  470.887  394.574  446.427
705.67  465.232  608.036  457.777
629.219  275.057  500.823  216.393
717.988  246.541  675.265  170.983
362.997  249.694  128.32  216.013
473.755  464.998  238.001  427.338
626.28  267.331  491.277  205.352
598.589  464.208  415.382  440.603
577.191  398.915  388.386  361.628
636.297  255.114  510.533  194.261
707.894  411.606  616.574  385.598
705.213  162.363  665.918  59.6726
682.207  394.934  569.203  361.721
508.663  235.896  302.173  181.241
658.055  368.887  533.721  330.889
581.508  416.031  395.041  385.172
469.605  494.005  229.61  455.927
470.528  276.181  251.122  229.708
653.101  290.743  533.842  232.376
451.114  256.401  223.569  214.931
682.04  486.901  552.557  477.785
261.808  85.1594  37.8237  70.4212
522.469  414.975  301.938  378.438
549.678  292.818  356.024  242.69
556.802  355.989  367.144  310.955
472.6  326.374  245.194  282.788
508.417  334.86  296.218  295.219
536.02  414.832  322.57  378.222
639.888  295.925  505.571  241.786
664.717  324.793  547.434  270.882
669.359  373.571  549.289  337.967
630.041  294.16  495.62  242.448
510.4  268.741  302.563  218.159
548.869  408.883  347.42  374.739
578.621  412.975  384.716  381.053
692.536  419.264  592.063  400.9
481.858  475.532  249.029  437.782
594.126  463.336  408.715  439.072
672.281  383.805  557.619  348.232
701.45  185.989  652.974  85.213
526.161  270.029  325.637  218.172
660.986  307.792  545.433  256.019
545.261  279.045  355.313  226.777
691.5  416.558  589.288  393.045
588.788  460.136  399.126  437.451
651.202  290.056  529.917  232.978
685.329  390.45  578.712  365.851
492.421  272.716  279.144  223.98
49.1896  166.792  138.561  197.281
662.4  310.504  547.255  258.757
261.671  86.5488  37.5906  71.4319
589.041  282.687  420.883  227.292
583.547  248.533  424.811  188.491
673.866  400.452  557.437  366.434
622.621  272.019  486.524  211.893
615.831  271.3  473.103  211.204
586.435  357.786  408.669  314.82
392.235  240.567  162.972  199.659
599.147  310.867  433.683  260.869
576.123  334.659  393.83  289.191
401.547  537.209  148.849  486.761
592.368  307.439  422.988  256.941
716.645  208.204  679.533  120.824
587.784  338.306  412.044  293.214
673.365  374.186  552.753  321.522
615.021  267.689  474.724  207.481
458.657  520.715  215.129  480.105
683.437  379.107  574.519  344.473
709.201  235.404  654.244  154.268
710.445  196.771  665.944  101.532
570.511  419.558  377.01  389.722
512.265  232.94  312.57  177.757
508.95  233.56  311.548  185.698
523.252  252.086  326.719  197.992
618.514  271.047  480.293  217.241
649.638  311.82  529.145  260.877
717.783  242.917  671.301  162.325
542.287  257.998  354.141  202.602
390.079  237.996  159.787  196.941
654.281  319.854  530.316  266.571
589.084  470.348  392.96  446.392
448.13  270.654  217.161  231.067
651.782  284.13  538.135  225.599
684.746  386.834  581.875  353.643
595.734  269.73  439.746  210.979
535.694  254.18  343.888  198.71
377.437  209.063  144.789  169.24
482.284  446.685  246.829  413.379
482.522  256.499  259.431  212.555
671.529  385.926  551.474  361.319
612.207  488.153  425.529  474.782
658.64  386.691  532.809  350.67
656.546  294.313  536.696  236.31
410.183  449.954  168.372  406.091
596.72  308.247  430.789  256.908
649.105  394.719  505.128  372.423
653.279  363.735  526.928  325.663
379.206  248.791  147.251  215.134
557.453  396.868  354.631  359.75
409.516  451.02  167.638  407.169
713.773  176.11  675.512  73.6789
656.202  371.54  529.574  353.414
596.743  264.873  431.799  202.423
685.817  439.39  575.493  424.769
593.119  224.964  444.329  158.646
657.159  404.543  519.407  378.194
651.454  315.314  525.161  263.67
466.777  406.634  235.811  361.469
723.56  251.643  686.291  178.672
672.397  363.897  554.971  323.828
486.132  477.03  246.725  437.425
474.274  350.6  249.59  313.411
639.081  309.771  513.195  258.21
421.604  287.625  187.882  250.97
621.746  272.507  484.073  219.157
662.514  436.711  531.271  420.095
567.603  351.617  381.206  305.835
592.721  307.189  422.272  255.825
269.411  39.7253  47.6931  24.6106
602.892  313.242  439.695  262.319
656.354  357.762  533.195  332.945
489.857  239.723  271.553  185.625
655.41  282.082  535.269  224.246
652.609  292.523  529.518  243.969
576.098  302.27  398.667  250.091
645.667  261.721  524.749  203.861
409.493  450.41  167.638  407.169
570.558  423.951  379.158  393.587
579.98  456.893  388.584  431.465
627.358  292.254  491.559  242.026
513.62  338.708  300.733  293.062
579.494  321.559  402.422  271.949
562.07  470.689  371.664  430.266
533.073  475.841  307.738  443.674
339.618  239.683  104.209  210.53
599.516  315.551  431.902  265.584
587.004  320.251  411.306  271.298
675.525  366.194  559.122  324.115
660.256  407.355  532.904  381.108
574.479  242.065  405.417  187.59
691.329  425.442  588.289  401.292
711.19  197.397  665.944  101.532
675.732  379.72  558.752  347.936
666.547  285.987  558.059  222.912
585.97  461.48  398.298  436.498
621.385  277.261  479.174  215.618
476.948  422.251  243.32  378.639
704.836  204.936  650.613  113.197
456.751  523.689  217.242  481.212
520.304  404.799  299.867  364.915
550.772  491.37  341.266  464.862
475.371  419.427  243.901  374.358
652.147  295.233  529.283  237.407
655.591  500.898  508.896  489.824
463.9  489.499  222.305  442.486
688.802  416.226  577.371  396.765
687.533  392.135  579.046  364.483
638.145  247.014  513.46  187.583
483.067  467.253  250.379  433.469
521.095  258.636  318.046  203.031
501.769  224.022  294.682  176.487
659.65  400.379  533.864  370.031
669.01  356.75  549.3  318.254
506.259  290.299  293.724  250.13
610.498  274.793  464.52  213.616
465.315  435.299  230.118  388.7
590.277  293.862  424.021  237.92
472.034  463.465  230.554  420.18
660.027  445.996  516.414  421.108
694.656  412.911  593.703  392.434
