162
439.394  136.485  384.695  202.964
616.556  167.632  714.921  184.749
231.965  102.684  321.011  139.836
215.996  108.543  277.959  157.822
150.52  192.648  236.853  229.617
241.716  251.57  332.727  279.408
167.135  136.253  256.619  175.781
240.462  101.543  331.156  137.426
240.575  100.942  331.376  136.811
233.536  90.6089  328.378  125.99
203.093  107.145  419.334  92.2174
230.036  101.016  319.041  138.475
241.153  102.906  332.112  138.515
226.043  104.886  317.943  141.21
195.667  152.524  199.349  219.87
69.4233  110.198  104.012  190.055
210.131  146.826  291.17  185.276
220.042  137.061  294.574  178.286
283.413  96.7815  134.54  225.821
145.022  151.193  232.706  191.713
185.855  150.33  366.684  153.151
50.2835  112.529  86.2013  194.683
453.963  228.675  400.689  279.058
245.685  89.3305  333.604  126.584
239.121  100.473  330.051  136.154
238.953  100.828  330.144  136.959
71.7838  124.696  104.509  202.197
81.6277  133.399  113.202  207.4
219.475  109.916  300.733  151.056
221.361  147.08  302.182  184.595
213.507  119.259  299.37  157.609
199.317  237.808  383.445  245.949
474.036  84.4901  416.062  158.232
46.5299  114.502  83.046  195.938
149.367  129.734  248.494  166.933
73.4443  112.656  106.011  191.962
253.045  96.806  346.679  130.383
249.811  108.033  341.413  142.884
249.356  105.255  342.15  139.848
212.602  109.485  284.28  154.431
218.14  150.209  297.607  189.072
230.801  103.471  314.789  142.158
237.809  101.472  328.818  136.82
69.4013  107.831  103.997  187.676
49.5434  113.651  86.2889  195.694
432.039  91.4323  509.408  121.213
433.652  86.5284  511.801  116.137
390.827  82.7951  467.533  115.566
476.146  66.5708  552.005  93.8957
329.774  91.6393  410.297  125.002
224.775  148.759  305.344  185.541
376.158  66.5262  438.919  105.092
234.098  100.748  324.619  136.458
259.071  92.8352  353.462  125.523
289.739  99.9996  134.721  228.182
426.565  81.7823  503.202  110.975
224.486  146.651  304.694  183.678
220.214  138.097  294.574  178.286
177.872  116.096  437.245  85.0012
312.334  85.7118  408.136  116.153
299.84  236.987  377.924  267.153
231.579  113.261  316.725  150.37
425.478  80.9092  501.779  110.26
231.257  103.687  314.789  142.158
272.659  90.7441  354.74  127.463
220.745  151.194  301.373  187.836
474.269  74.9721  555.076  102.164
220.569  106.421  301.049  146.689
336.832  78.2056  233.708  184.948
71.8561  123.144  104.9  201.68
204.12  159.687  283.713  199.249
409.805  54.2625  481.378  87.2718
191.833  207.441  275.115  242.828
428.539  84.3129  508.326  111.844
75.5265  117.295  111.453  195.238
429.911  50.7574  555.628  61.1984
439.089  145.619  383.162  212.069
236.931  99.5632  327.662  134.523
421.218  117.16  498.4  144.79
305.242  238.722  382.297  269.289
236.339  135.845  320.244  171.001
301.789  121.352  514.622  106.616
217.768  175.718  298.265  213.031
413.648  93.835  490.578  125.398
464.598  82.9169  399.251  158.679
207.123  187.871  290.408  224.081
234.205  88.5378  330.975  124.62
488.473  201.83  413.06  260.407
436.989  90.5071  514.708  120.721
432.342  209.65  511.519  234.208
405.004  82.4971  481.828  112.159
228.405  88.4151  324.413  122.26
196.175  171.725  278.166  210.496
207.342  170.893  289.264  209.069
470.331  206.798  413.648  261.834
601.877  126.905  513.5  190.642
136.337  157.098  412.997  126.715
435.03  205.724  514.983  233.162
436.24  94.0658  513.437  124.688
241.726  88.0771  331.925  123.171
202.036  165.523  283.638  204.719
375.059  83.798  173.635  220.025
252.274  94.2904  343.84  127.534
435.797  103.371  512.817  133.857
276.038  123.023  248.244  200.714
242.837  84.1456  332.741  119.466
487.85  206.642  573.551  228.092
204.285  153.286  286.381  193.241
182.358  241.719  366.258  251.951
408.744  81.5996  486.463  110.338
290.927  104.643  135.705  229.858
305.908  202.944  281.59  261.457
489.805  186.084  582.149  205.603
258.315  121.274  347.632  157.363
460.763  53.4819  397.041  133.52
212.343  171.245  294.309  209.669
202.24  113.337  312.225  140.892
419.624  203.064  500.223  231.529
229.955  93.2911  324.234  126.503
429.861  205.293  510.586  233.473
428.781  217.8  508.567  246.101
496.073  280.443  461.465  321.845
192.397  162.136  197.864  229.981
435.166  211.822  518.822  239.429
319.343  86.0009  149.711  217.795
488.849  203.981  576.636  229.543
363.355  78.4475  168.618  215.03
214.278  212.246  294.453  248.754
402.559  43.6585  461.101  81.1869
231.994  151.682  312.233  191.674
304.906  170.058  281.939  235.367
184.745  188.48  266.776  221.888
424.93  89.0881  501.803  115.691
435.235  211.428  518.822  239.429
410.223  202.765  490.54  232.305
327.747  141.057  298.019  205.475
74.955  126.44  103.958  201.127
192.345  257.155  275.712  291.079
438.852  212.242  518.454  241.14
256.378  133.232  347.483  169.289
73.8482  114.111  101.913  192.119
175.378  174.571  257.186  216.359
335.113  137.185  154.258  257.808
480.828  64.7927  413.215  140.853
230.833  162.73  312.744  194.811
404.574  63.093  174.106  211.316
206.915  225.899  287.661  262.354
358.658  94.5605  444.666  120.906
216.564  244.899  297.467  279.716
479.623  217.502  537.375  250.1
217.483  244.74  299.404  279.364
328.227  145.844  298.163  208.839
184.98  131.254  487.62  88.5476
306.08  197.95  383.306  232.909
459.175  208.361  535.304  238.303
494.452  203.587  416.848  264.681
218.059  250.203  303.026  284.26
173.364  199.12  471.701  165.367
461.731  51.6734  213.395  200.178
316.584  140.354  289.16  203.849
285.759  132.573  330.455  184.516
487.85  206.642  573.551  228.092
