24
343.841  254.706  632.115  296.143
468.732  85.4841  150.178  44.7287
399.454  276.691  676.333  306.261
397.549  184.542  546.581  221.655
526.251  269.25  703.486  275.839
504.943  403.158  691.53  432.98
572.534  202.337  649.121  184.471
395.009  180.888  543.807  219.228
399.91  270.31  676.048  300.941
399.811  237.393  673.493  270.896
525.602  269.864  703.486  275.839
456.687  110.727  604.502  138.667
399.452  274.706  676.155  303.37
400.759  270.009  676.703  301.28
472.439  110.65  616.856  132.933
522.122  406.292  550.546  462.524
110.216  267.6  117.298  352.189
466.293  98.2934  609.918  128.229
399.992  169.529  547.202  204.4
510.451  410.501  696.589  438.907
520.746  70.8458  677.893  82.6624
340.617  259.253  632.532  297.3
179.171  314.938  642.026  361.664
399.452  274.706  676.155  303.37
