162
694.041  500.796  584.651  481.87
682.012  333.73  596.743  264.873
448.15  433.813  102.029  394.538
681.48  335.102  595.836  268.135
646.09  320.437  522.781  246.484
691.715  431.923  597.78  396.038
685.976  449.489  579.09  415.391
595.874  309.656  425.714  239.59
684.005  367.696  592.575  307.536
733.514  417.284  687.793  372.548
682.467  400.532  582.261  351.154
690.744  341.688  614.883  279.484
678.127  372.703  581.828  319.455
671.654  410.347  560.14  367.605
656.364  334.448  541.02  263.807
591.138  333.42  402.547  262.261
683.375  366.182  592.443  307.247
464.111  262.57  166.415  179.577
693.962  352.218  618.002  288.354
448.188  432.081  99.9542  391.731
735.664  482.122  677.664  458.505
683.146  333.171  600.425  268.077
665.473  502.372  528.144  483.703
691.704  484.666  587.789  463.314
731.827  461.974  673.817  434.076
700.33  326.676  638.423  259.503
689.495  337.907  611.089  269.29
727.606  436.084  671.261  399.621
682.567  425.064  577.926  384.952
725.464  417.367  671.065  376.264
680.531  399.53  575.127  345.845
716.786  371.077  663.165  315.773
720.169  221.665  704.503  120.106
737.144  452.222  687.024  419.904
704.813  368.442  637.899  314.044
718.146  377.247  663.675  323.212
685.148  424.669  582.562  382.015
481.938  249.553  204.685  162.258
649.357  335.115  531.034  273.693
693.177  499.699  582.685  480.909
637.864  325.301  506.98  257.749
583.943  307.679  400.959  235.628
639.751  335.661  505.894  265.34
735.639  442.039  687.194  406.759
715.823  364.096  662.943  307.514
708.424  343.756  652.091  282.507
638.983  350.4  508.111  295.245
469.181  264.653  172.329  179.009
670.679  444.471  547.173  409.073
709.285  353.234  651.202  290.056
735.469  466.769  681.366  440.858
648.134  332.07  527.498  264.937
683.895  424.808  581.072  385.594
638.631  329.997  507.266  263.721
688.404  365.701  603.404  309.357
671.484  434.825  553.567  396.779
609.63  328.979  447.392  262.685
576.813  303.71  384.407  227.711
636.829  306.896  507.176  228.929
683.389  334.74  599.626  269.205
733.772  426.46  687.05  385.254
594.113  333.84  406.826  259.975
656.159  330.984  540.656  260.212
656.792  336.128  541.112  263.44
628.125  378.026  477.077  324.702
690.319  345.7  610.666  280.487
645.167  342.98  515.339  277.11
635.51  307.634  506.403  232.828
691.266  346.631  613.065  283.771
636.051  305.351  501.769  224.022
681.246  396.104  586.424  352.407
709.192  345.586  653.492  282.017
732.719  421.17  686.353  378.997
481.938  249.553  204.917  161.524
692.185  336.793  616.226  268.088
699.364  340.12  630.621  271.608
744.978  449.17  704.119  413.907
709.192  345.586  653.762  282.79
676.798  330.76  584.974  261.33
688.774  339.478  610.175  268.753
733.489  439.672  681.148  402.096
732.993  430.12  685.073  393.113
537.665  291.791  305.521  211.39
650.56  350.708  528.299  287.353
736.116  451.01  687.024  419.904
669.907  358.772  563.698  297.6
646.606  328.652  525.092  259.133
683.68  365.705  591.481  306.843
686.87  448.163  581.508  416.031
594.77  336.751  407.226  262.636
715.823  364.096  664.107  308.928
705.508  374.086  635.903  317.016
623.469  309.923  476.342  234.475
697.381  526.992  556.953  520.189
710.794  370.028  651.469  311.331
590.354  299.517  403.25  215.228
688.271  453.249  588.712  422.882
732.303  426.617  684.787  389.747
467.855  407.209  145.31  359.509
731.174  447.374  677.625  412.472
627.551  314.583  478.178  233.086
717.819  370.767  663.165  315.773
439.357  272.686  115.175  190.762
682.123  403.082  583.8  355.45
714.578  222.17  693.875  119.649
724.027  453.705  661.26  422.088
727.856  432.898  670.031  393.601
711.294  373.752  647.861  315.403
704.08  353.916  641.338  291.6
674.649  363.214  575.256  309.105
637.339  322.004  507.138  249.711
586.157  310.914  404.553  237.354
698.167  342.272  630.971  273.906
715.708  439.692  642.983  405.08
392.763  116.558  102.782  34.2884
687.465  351.454  603.165  291.219
677.476  393.346  574.614  347.913
709.035  368.466  648.837  310.413
681.722  409.977  586.246  370.19
688.078  346.058  609.544  281.484
667.828  335.134  568.995  266.911
668.893  531.087  505.569  524.419
708.669  370.094  648.231  314.403
667.778  314.382  574.479  242.065
727.434  422.113  671.529  385.926
727.479  422.332  671.529  385.926
643.652  319.748  515.266  246.348
704.551  372.708  639.025  317.682
667.634  365.38  559.96  312.376
625.709  356.837  474.935  293.763
597.733  287.031  433.342  205.625
716.986  368.433  660.9  310.273
677.65  346.488  588.171  283.082
657.215  343.354  542.971  274.033
737.608  462.753  688.597  437.223
685.568  422.402  587.849  380.382
629.075  379.092  476.687  329.254
737.599  449.947  691.769  417.642
709.709  371.982  642.261  304.239
639.586  358.958  502.546  294.741
690.554  334.908  618.399  268.668
682.881  404.412  588.418  360.18
703.696  470.869  613.894  449.168
646.003  380.972  511.946  332.777
667.653  349.749  557.383  282.43
700.199  341.249  636.806  274.071
710.302  345.511  657.955  283.686
625.489  357.621  474.968  294.767
691.439  404.151  605.273  358.061
701.199  342.589  638.866  276.125
665.231  401.92  553.751  357.558
672.961  321.326  585.033  251.904
742.324  492.652  692.286  474.601
679.652  375.177  587.004  320.251
693.98  338.689  625.241  273.423
639.877  318.439  508.378  247.66
598.274  314.117  432.894  253.521
610.54  334.867  449.482  265.651
736.097  434.46  686.011  394.156
700.101  342.491  629.222  273.782
699.349  518.341  576.757  507.957
703.696  470.869  613.894  449.168
