87
309.817  532.797  138.583  510.088
761.901  525.361  561.904  535.127
201.24  49.6217  113.15  46.5872
428.222  450.55  113.409  459.761
590.465  112.835  430.253  52.3345
632.168  201.068  559.283  152.424
636.379  233.684  582.072  189.148
589.507  118.589  428.953  59.996
699.854  258.082  642.851  212.653
626.573  279.725  564.83  242.826
758.848  523.857  558.804  533.32
706.473  263.994  651.297  219.069
701.222  258.283  642.851  212.653
691.443  258.266  634.344  213.195
691.443  258.266  634.78  213.156
309.264  533.225  138.583  510.088
220.887  392.844  258.356  359.439
583.798  112.021  417.012  52.3284
600.442  108.707  439.091  45.3899
221.077  391.984  258.356  359.439
536.071  125.394  389.501  77.191
627.931  251.35  568.253  211.182
761.901  525.361  561.672  534.548
180.003  408.683  119.823  388.435
682.554  253.255  634.487  206.727
689.359  264.647  631.57  220.285
630.328  206.992  560.692  158.597
539.657  119.337  386.505  68.8338
629.089  204.894  559.056  156.2
639.21  255.936  580.363  215.898
554.163  126.622  398.209  75.3567
555.472  126.181  398.33  74.5719
574.673  151.91  419.879  103.307
176.787  411.161  118.011  390.938
551.862  126.729  397.083  75.6502
587.857  116.687  427.291  59.1847
640.071  273.972  584.509  233.57
691.443  258.266  635.064  214.936
180.876  407.367  119.823  388.435
640.696  205.363  576.157  157.882
536.41  132.234  382.761  84.3582
584.068  133.95  428.131  78.3451
544.373  120.144  391.105  67.8068
516.972  441.607  141.425  459.793
544.932  135.327  394.964  86.1808
214.054  394.996  250.502  359.448
583.012  133.948  426.623  78.1358
546.603  144.689  394.112  97.2953
343.416  516.402  193.651  494.974
213.793  395.325  250.502  359.448
557.88  126.423  404.549  72.6674
192.272  441.075  126.234  418.599
573.016  133.329  423.061  78.485
624.615  209.074  555.2  159.715
560.415  139.924  409.173  88.7185
638.593  211.334  572.81  166.531
508.616  496.344  354.556  481.541
558.144  146.067  408.507  96.4574
558.911  154.148  408.985  106.094
204.138  27.6791  114.389  26.0371
440.542  494.072  285.127  478.21
191.598  440.564  126.234  418.599
697.866  280.976  645.62  235.389
472.812  505.163  297.987  493.516
625.4  211.871  565.192  169.343
338.431  515.704  192.249  495.274
399.101  509.379  244.542  492.065
583.307  152.399  427.788  99.2261
716.023  201.932  296.878  168.024
554.161  135.275  403.012  82.2372
223.226  395.652  258.822  357.385
556.101  137.494  404.95  84.5642
555.562  526.051  355.393  512.454
184.239  419.009  121.724  401.764
529.864  145.163  302.26  100.702
221.849  428.198  286.26  379.945
555.641  133.747  405.362  79.3108
184.239  419.009  121.582  402.713
727.361  222.354  305.017  185.924
716.023  201.932  297.15  169.84
258.442  153.169  185.962  138.617
610.733  346.73  455.185  321.562
563.614  492.385  354.689  480.085
716.655  200.103  296.878  168.024
186.067  525.559  471.157  418.654
706.825  290.651  655.773  257.27
761.901  525.361  561.904  535.127
