74
326.944  345.273  250.075  318.799
752.43  434.137  644.499  409.987
558.997  184.621  484.009  133.512
329.36  553.37  165.078  538.618
724.502  321.02  613.429  277.158
336.984  547.075  392.933  526.762
419.039  161.82  470.433  127.777
339.273  499.032  394.331  477.968
432.566  491.823  492.341  471.528
330.491  514.053  384.756  493.163
343.662  553.599  399.44  533.603
424.721  157.999  476.283  123.42
413.939  163.563  465.697  130.048
332.204  493.141  387.308  471.825
331.021  554.483  386.383  534.23
431.415  177.145  483.558  142.834
346.705  522.619  401.305  501.941
326.121  538.4  378.202  517.967
343.416  553.633  399.676  533.746
420.75  161.303  472.16  126.925
558.033  185.878  483.047  134.795
414.104  164.663  465.903  130.931
431.391  173.984  483.58  139.869
337.514  498.272  392.439  476.931
422.65  168.524  474.652  134.799
424.512  168.523  476.525  134.668
348.259  523.289  402.07  502.53
419.2  162.657  470.72  128.352
719.709  331.916  606.057  290.408
350.78  507.082  405.923  485.955
556.728  186.901  480.21  136.52
748.526  412.165  641.648  384.422
555.886  185.771  479.979  135.392
344.41  505.254  399.444  483.946
334.394  541.055  389.805  520.134
732.355  239.198  532.142  175.8
336.467  475.786  392.088  455.052
327.14  513.336  380.533  493.155
727.604  360.835  613.276  324.635
329.164  540.805  384.415  519.425
326.241  513.331  380.533  493.155
560.146  177.385  485.188  124.504
443.655  488.066  502.77  466.901
346.245  508.424  401.552  486.744
744.053  363.51  640.244  327.555
762.149  382.713  655.905  349.756
762.074  382.709  655.905  349.756
326.956  462.168  381.615  439.457
430.883  175.317  481.388  141.949
346.046  508.923  401.017  487.036
328.003  515.226  382.885  493.143
759.407  368.451  654.086  333.292
742.792  350.727  635.214  312.861
730.456  359.927  616.747  324.017
559.721  181.442  484.222  131.277
718.441  313.918  604.236  270.447
329.56  520.15  384.225  497.781
544.1  250.46  155.542  191.622
321.505  509.576  375.846  486.879
335.185  470.556  390.622  450.513
232.281  342.957  641.889  326.902
743.401  345.419  634.767  307.204
456.65  293.246  196.885  254.768
324.227  499.055  378.898  475.765
272.548  473.599  146.974  455.148
229.451  346.839  633.925  330.019
754.131  369.128  648.851  335.217
326.493  346.592  249.528  322.54
291.791  150.521  489.616  131.993
471.814  485.121  530.311  462.511
718.827  244.044  524.017  179.929
460.329  268.317  205.557  222.023
752.911  432.842  644.638  405.748
762.074  382.709  655.905  349.756
