97
472.427  125.759  332.003  128.354
612.18  277.266  558.831  270.123
599.849  343.512  540.463  345.81
704.782  428.478  67.6038  434.238
637.992  318.812  593.03  314.785
528.342  549.327  318.078  575.241
197.754  539.457  206.994  553.106
631.581  329.034  578.99  327.005
159.802  534.944  279.501  549.176
606.556  290.157  549.398  285.237
661.219  319.484  619.004  313.568
605.764  271.187  549.223  264.071
689.37  351.655  655.879  349.172
485.188  124.504  344.247  124.937
165.322  538.882  282.233  552.968
182.269  531.129  185.733  544.615
424.688  509.686  258.82  528.773
605.126  290.82  548.213  285.913
636.253  326.277  585.947  323.676
667.412  162.669  629.05  132.585
424.082  508.84  257.766  527.947
481.388  141.949  344.737  143.096
641.889  326.902  592.847  323.492
605.261  271.463  547.341  264.632
613.429  277.158  558.831  270.123
347.503  202.765  212.793  222.407
612.751  281.868  555.675  274.939
527.728  442.209  386.158  458
299.148  554.469  81.7406  568.646
605.764  271.187  547.528  264.318
595.817  268.542  537.402  261.871
611.487  279.233  553.148  272.072
606.951  290.199  548.444  284.858
346.832  202.762  212.793  222.407
519.274  401.637  378.977  413.888
613.954  323.798  560.734  322.846
606.576  294.38  548.79  290.311
606.057  290.408  548.213  285.913
512.088  447.996  369.812  464.511
683.857  354.085  646.658  351.948
611.468  293.048  554.376  288.392
605.867  270.175  548.871  262.4
40.9592  512.138  258.6  526.428
395.835  538.651  297.219  558.49
611.86  326.289  554.575  324.915
616.989  324.996  562.478  324.139
571.642  547.394  377.445  576.359
119.804  489.176  149.394  503.521
564.614  533.794  380.213  560.731
605.764  271.187  547.341  264.632
603.674  339.404  544.543  341.545
167.609  538.383  283.982  552.038
611.444  281.871  552.407  274.708
606.615  331.973  549.691  331.63
53.5173  514.192  263.416  528.67
715.382  531.709  572.222  566.593
575.239  510.819  412.336  535.498
607.928  347.075  550.822  350.016
644.552  405.159  603.84  415.189
656.867  347.645  612.699  345.917
531.559  462.334  394.467  480.672
538.297  275.174  467.117  276.376
471.591  514.994  266.659  536.006
626.834  320.212  574.89  318.16
53.091  513.905  263.416  528.67
640.449  320.268  591.782  317.184
626.834  320.212  574.29  318.279
470.433  127.777  330.172  131.708
536.312  167.725  467.043  161.876
623.832  312.967  576.159  308.369
598.695  333.625  539.006  333.743
566.061  533.26  380.724  560.587
605.653  332.524  549.228  334.05
576.9  541.645  394.462  570.778
539.784  471  399.881  490.627
570.865  519.796  397.299  545.742
660.285  323.971  615.138  317.726
423.543  508.016  257.766  527.947
540.843  316.566  468.92  321.402
608.077  269.849  550.974  261.122
638.801  328.643  587.53  324.809
483.332  131.725  343.218  131.392
610.956  537.348  431.207  567.819
593.053  520.719  434.777  548.2
527.564  468.899  387.45  488.464
634.924  543.063  467.343  576.191
567.315  540.731  383.919  569.532
292.315  559.203  75.0606  574.221
234.807  365.59  163.275  388.786
664.227  454.599  524.663  469.552
53.3439  512.976  263.416  528.67
649.737  416.061  609.418  425.221
400.859  544.565  180.976  561.41
494.462  447.088  345.895  465.032
626.846  312.376  585.943  310.386
615.861  537.306  440.307  568.953
604.983  293.327  546.683  291.527
