1029
443.046  244.133  478.848  220.666
465.625  258.35  500.956  231.75
568.878  252.277  591.532  220.224
239.816  138.375  349.736  132.037
557.717  239.104  579.934  209.555
505.122  117.473  516.949  103.341
602.783  73.6778  587.453  56.1935
566.333  243.844  587.159  213.504
512.769  236.486  538.416  210.353
591.153  136.54  579.211  117.474
490.226  109.981  503.024  97.1464
495.031  247.986  525.806  220.92
549.482  228.542  570.81  200.985
502.866  289.339  541.06  254.843
510.842  184.469  524.584  165.147
481.685  244.52  512.531  219.006
574.503  179.425  583.127  156.816
567.359  243.601  587.85  213.314
558.505  238.53  580.378  209.089
557.477  125.117  545.975  108.138
508.873  258.642  539.881  229.228
489.544  163.599  504.139  146.889
566.566  219.102  583.536  192.072
509.658  166.458  522.447  148.499
508.802  204.955  529.869  182.897
498.237  177.818  512.919  159.599
508.346  137.839  520.967  122.027
582.084  248.253  601.124  216.584
527.106  171.515  537.479  152.467
362.301  215.934  427.99  195.114
481.851  235.031  510.93  210.821
385.545  282.639  445.532  253.494
556.761  224.283  575.824  197.153
407.079  293.208  461.602  262.63
187.051  165.062  290.558  158.139
498.737  170.528  513.055  152.868
492.3  258.145  524.361  230.095
96.1046  412.108  201.106  384.563
403.283  49.4811  439.162  47.324
491.513  258.132  524.665  229.787
498.733  180.149  513.348  161.737
45.2498  333.006  164.666  313.521
509.635  167.072  522.422  149.143
510.193  211.774  532.712  188.661
479.663  101.47  491.685  89.6782
189.481  340.69  285.844  313.263
493.304  171.78  507.495  154.322
506.983  204.821  527.321  183.104
556.221  234.547  577.219  205.899
490.623  253.542  522.36  226.066
380.217  360.378  459.441  314.741
397.243  251.021  452.373  225.529
503.707  131.415  515.847  116.373
233.253  165.97  341.315  155.63
558.152  228.563  578.507  200.447
141.296  355.995  252.66  326.756
511.105  212.089  533.259  188.952
536.866  195.838  551.287  173.648
442.927  268.554  486.072  240.72
481.809  234.155  511.145  209.844
383.973  195.668  437.002  177.768
481.809  234.155  510.829  210.069
489.756  92.177  500.204  80.6716
585.637  197.817  594.319  173.11
462.444  210.046  489.411  189.96
386.517  45.2369  423.573  44.0628
478.544  248.916  511.363  222.622
378.067  21.8338  416.351  23.8087
608.524  236.747  621.443  205.671
611.56  90.4075  595.364  71.7025
494.716  250.674  526.356  223.054
486.289  258.519  519.398  230.549
517.199  155.202  529.67  137.525
410.88  96.0931  447.891  88.5342
45.4391  332.816  164.666  313.521
531.871  219.735  554.461  194.255
559.44  238.567  581.086  209.181
352.599  217.009  420.389  196.307
509.76  177.864  523.361  159.142
581.268  251.682  600.529  219.781
520.99  154.109  532.092  136.579
488.57  181.933  503.475  164.189
546.835  239.281  569.676  210.679
503.686  159.81  516.909  142.551
522.318  162.998  533.38  144.601
409.594  42.3224  445.5  40.6695
505.143  167.886  518.375  150.19
613.242  141.998  600.427  121.676
614.298  148.221  601.09  127.49
357.489  334.281  428.796  298.412
412.404  296.843  464.889  266.167
417.952  109.692  454.285  100.347
561.544  337.624  582.507  301.008
248.583  168.048  350.472  156.84
557.237  223.465  576.615  196.336
508.397  205.03  529.7  183.026
448.617  361.896  514.351  313.079
500.199  208.512  522.567  186.646
209.295  359.496  306.284  327.578
498.571  180.469  512.819  162.045
590.457  177.805  598.671  154.152
399.851  107.125  437.175  99.0981
558.647  255.772  582.514  223.925
505.656  204.965  527.321  183.104
423.544  285.008  473.548  255.226
209.295  359.496  306.259  327.583
525.389  232.937  549.347  206.332
463.982  252.487  499.288  226.432
542.382  195.282  557.032  172.61
503.246  182.565  518.003  163.595
561.345  238.306  583.776  208.51
513.761  251.68  543.671  222.876
401.162  100.111  438.986  92.7664
441.711  271.145  484.675  243.314
396.535  370.432  471.335  323.236
399.96  195.851  453.498  176.837
509.9  177.254  523.687  158.567
497.654  162.085  512.009  144.897
592.734  146.2  581.985  126.55
593.162  181.744  600.776  157.933
185.546  68.7159  292.174  76.4467
356.931  337.989  428.283  301.787
574.282  186.228  583.435  163.187
341.508  233.493  410.538  211.661
234.346  65.9274  347.806  72.5838
514.081  218.945  536.911  195.044
243.364  184.214  340.693  171.664
573.685  342.798  593.906  304.972
555.436  234.842  577.219  205.899
501.702  83.7016  508.564  72.1481
479.314  101.245  491.685  89.6782
497.358  178.085  511.695  159.847
549.467  242.045  571.028  213.436
594.386  76.1974  579.815  59.1738
119.28  453.381  224.669  419.475
595.946  389.003  616.596  344.931
344.614  235.081  413.604  212.813
558.85  172.831  566.231  152.133
406.209  378.068  480.18  328.895
123.145  405.456  227.778  375.523
471.385  256.672  504.614  230.201
547.91  217.185  566.696  191.322
601.558  139.219  589.614  119.633
585.705  237.021  605.22  205.917
571.521  136.767  560.554  118.869
530.868  234.817  556.642  207.248
589.291  96.9194  576.519  79.453
236.245  364.384  335.12  328.291
406.198  41.919  442.115  40.3476
464.246  204.883  491.141  185.154
237.412  364.002  335.12  328.291
600.212  139.54  588.29  120.025
574.035  186.022  583.114  162.742
239.518  140.073  349.537  133.613
491.494  172.629  506.137  155.065
553.888  347.382  575.347  311.276
574.889  140.611  564.256  122.413
563.244  139.775  553.247  122.216
621.332  134.129  607.701  113.719
385.514  45.1735  423.573  44.0628
444.552  268.135  487.089  240.493
547.922  238.078  570.562  209.618
358.306  212.824  425.597  192.541
508.109  156.638  520.628  139.66
584.436  364.6  602.859  325.01
546.111  247.893  570.63  218.111
133.02  441.888  243.994  404.763
497.87  243.183  526.7  216.708
248.881  141.449  353.999  134.19
409.215  97.663  446.853  89.934
45.386  331.954  163.842  312.715
475.168  212.036  500.936  191.178
583.597  145.109  571.589  126.408
406.866  114.996  441.811  105.922
481.94  233.856  510.396  210.058
498.229  171.126  512.558  153.241
399.783  195.541  453.123  176.671
502.13  233.987  528.564  208.971
442.633  269.046  485.636  241.367
419.383  89.7128  455.28  82.3491
564.487  340.782  585.504  303.452
228.062  193.95  334.348  179.89
547.83  224.445  569.185  197.588
568.044  138.19  557.874  120.441
517.072  164.821  528.685  146.855
461.045  264.967  500.28  236.718
484.504  173.115  499.559  155.886
577.96  195.041  587.388  171.093
579.347  264.303  601.377  230.039
594.16  77.0811  579.482  60.0727
400.037  99.7545  437.975  92.5788
593.797  182.051  601.184  158.29
386.902  200.742  444.919  181.448
464.159  259.767  500.017  232.8
489.331  111.558  503.726  98.8533
462.606  252.08  497.825  226.122
205.691  177.404  309.313  167.322
475.202  248.934  507.596  223.375
411.645  297.437  464.889  266.167
473.717  274.557  512.631  244.661
478.351  218.91  507.87  195.963
517.347  183.143  530.455  163.758
519.696  171.844  531.894  153.185
268.873  124.286  372.816  118.888
541.714  224.155  563.266  197.848
628.589  135.749  614.749  114.945
581.722  145.148  570.566  126.525
479.796  101.815  491.962  89.8317
508.778  166.736  521.515  149.061
527.838  216.277  549.956  191.698
617.74  85.6595  603.067  66.9264
574.741  140.48  564.067  122.353
509.641  150.195  522.182  133.618
415.756  88.9292  449.435  81.6557
505.643  133.025  517.928  117.922
557.624  168.418  560.909  148.302
75.6041  139.152  191.805  141.262
479.112  101.359  491.056  89.4221
546.193  248.067  570.846  218.27
518.039  188.836  531.624  168.964
525.172  214.693  547.084  190.532
517.497  188.531  530.471  168.834
585.488  198.712  594.167  173.65
463.077  212.413  488.983  192.032
203.762  177.919  309.993  168.032
555.884  254.093  580.19  222.388
382.918  207.072  442.219  186.656
552.659  229.321  572.213  201.725
407.617  292.621  461.627  261.95
577.015  349.022  598.147  309.849
566.613  184.754  575.985  161.974
462.065  270.078  501.925  241.488
542.066  225.673  564.972  198.343
618.891  87.942  603.453  69.4271
584.519  247.274  330.506  323.29
521.093  214.286  542.256  190.704
513.038  237.111  538.92  210.577
556.221  234.547  577.892  205.48
490.246  217.811  513.04  196.093
573.728  224.973  589.834  197.347
379.452  22.4818  416.351  23.8087
46.0947  332.487  164.666  313.521
132.532  347.442  245.307  319.961
578.224  140.72  567.115  122.444
546.94  248.856  571.411  219.001
399.268  196.972  452.594  178.049
529.397  304.147  566.558  265.089
603.947  232.918  617.451  202.066
494.269  139.694  508.163  124.686
510.95  234.301  536.475  208.812
405.965  44.7898  441.517  42.7426
566.181  179.724  573.779  158.144
539.045  190.258  552.985  168.728
242.218  160.968  344.965  151.039
566.004  219.129  583.2  191.834
538.377  251.874  566.052  221.483
590.844  136.559  578.479  117.785
467.967  265.46  505.959  237.379
437.498  120.291  469.857  108.777
492.895  177.172  507.989  159.05
464.592  263.967  501.421  236.76
516.755  163.252  528.317  145.494
250.281  148.188  353.909  139.739
32.8713  312.051  152.068  296.37
519.615  156.371  530.652  138.415
517.774  146.809  529.181  130.139
494.54  233.908  524.375  208.12
117.653  156.858  239.789  154.11
476.227  212.313  501.468  191.575
131.74  457.414  237.361  421.639
547.924  229.206  570.34  201.705
461.805  264.221  500.28  236.718
577.801  183.492  586.899  159.988
510.539  151.581  523.303  134.331
601.119  139.668  589.614  119.633
416.558  89.2446  453.756  81.9971
512.727  235.948  538.295  209.582
270.355  171.666  365.233  159.016
125.826  363.258  238.236  334.872
331.992  321.381  400.692  291.074
554.482  242.841  575.803  213.917
132.102  348.436  246.256  319.856
511.276  177.136  524.727  157.999
242.131  372.046  340.217  334.814
386.281  45.5055  423.944  44.1551
515.348  134.204  526.848  118.004
551.62  167.044  556.535  147.694
594.937  192.74  602.067  168.26
451.077  273.639  490.398  245.485
511.521  218.645  534.679  195.071
592.447  137.693  579.898  118.846
449.895  273.642  492.153  245.192
546.619  243.652  570.206  214.014
592.998  176.948  601.1  152.994
78.7016  184.276  192.828  180.383
479.314  101.245  491.602  89.231
593.569  77.1359  579.366  60.3281
548.894  255.72  573.176  225.208
511.276  177.136  525.584  158.479
567.632  204.901  580.621  179.686
392.603  364.066  466.51  319.169
517.598  170.841  529.788  151.857
391.67  354.063  463.806  311.388
502.906  170.59  516.559  152.381
565.047  133.564  554.83  116.25
585.297  246.684  604.401  215.096
525.786  188.361  538.9  167.492
620.495  87.4691  604.419  68.9258
500.178  93.0394  509.066  81.2032
508.646  209.187  530.578  186.253
476.651  282.656  517.718  250.982
511.53  211.426  533.388  188.101
484.554  173.685  499.798  156.251
512.553  218.832  534.971  194.701
575.425  347.431  596.004  309.09
536.616  189.376  550.034  168.261
533.238  214.553  552.618  190.488
198.623  174.73  303.874  165.865
406.598  350.245  481.52  304.601
574.956  339.104  595.211  300.723
505.358  182.346  520.213  163.006
48.2557  433.037  160.109  406.554
150.627  397.407  262.46  361.919
586.419  98.5624  573.544  81.3451
481.594  234.516  510.396  210.058
240.71  358.042  339.327  321.745
363.181  333.553  430.64  298.234
591.351  134.3  579.178  115.635
609.178  145.17  595.925  125.267
570.909  187.974  579.156  164.761
477.709  286.95  517.929  255.112
197.943  170.018  306.977  160.825
512.991  235.225  538.297  208.911
98.414  179.447  216.849  174.386
504.293  182.474  519.052  163.198
568.184  232.117  588.972  202.271
242.423  192.029  346.016  177.765
615.265  150.251  602.557  129.812
409.755  97.8027  447.113  89.849
533.354  220.307  554.208  195.407
140.495  356.636  251.986  327.049
487.258  246.777  518.749  220.712
399.358  198.024  452.865  178.321
579.373  203.781  588.934  178.499
570.939  231.197  588.048  202.371
491.701  294.069  532.987  259.5
479.818  271.741  517.37  242.138
455.442  227.444  487.77  205.592
505.817  220.349  529.592  197.033
561.692  134.65  551.619  117.53
600.053  362.345  616.122  322.044
509.738  179.453  523.892  160.832
517.405  166.038  529.176  148.14
528.623  216.53  550.599  191.285
33.3251  312.084  152.55  296.464
617.714  128.166  604.109  107.607
437.245  277.762  482.085  249.398
528.163  235.298  552.824  207.734
503.584  160.841  516.66  144.016
568.373  300.92  587.25  267.393
354.77  320.382  423.59  287.673
538.432  189.757  552.058  168.497
551.274  174.215  557.941  153.517
464.072  258.021  498.477  231.497
580.665  367.134  601.642  326.728
381.916  195.317  437.624  176.833
508.072  177.952  521.789  158.837
253.378  164.873  355.407  153.552
393.949  374.876  468.352  328.308
520.207  300.915  557.437  264.058
468.506  194.603  494.314  175.009
491.686  170.33  506.134  153.489
486.949  246.804  518.749  220.712
547.91  217.185  567.392  191.697
511.969  159.771  524.801  142.545
556.403  125.764  545.378  109.24
234.972  188.983  339.987  174.768
481.53  100.097  493.907  87.9697
483.98  93.1547  494.435  82.1726
577.148  135.298  566.199  117.399
526.048  170.943  538.273  151.29
589.574  136.811  576.706  118.28
578.581  137.593  567.893  119.536
273.845  124.229  376.833  119.246
507.242  83.7573  512.396  72.1283
565.112  219.185  582.941  191.615
140.281  357.456  251.639  328.669
518.475  171.164  530.445  152.026
553.775  245.039  576.337  215.701
272.41  123.234  375.07  117.662
229.632  166.455  338.755  155.68
274.323  149.966  372.679  140.026
617.354  134.563  603.8  114.618
478.635  244.899  509.71  219.097
544.842  197.732  558.872  174.497
548.984  212.711  567.408  187.818
352.733  224.877  421.239  203.571
614.785  68.1323  600.095  51.0278
506.235  220.446  530.164  197.121
399.96  195.851  453.857  177.103
608.987  77.2914  593.746  59.8718
517.806  172.202  529.961  152.989
452.177  266.357  492.592  239.138
402.269  370.189  476.741  321.972
540.457  211.404  558.007  186.645
407.939  292.787  461.627  261.95
432.369  273.639  476.69  245.45
562.702  134.597  552.824  117.5
576.202  216.341  590.053  189.133
507.098  178.492  522.574  159.991
450.2  267.082  493.902  238.876
580.313  198.662  590.489  173.424
569.901  193.945  578.628  170.187
453.357  266.451  498.817  237.381
531.591  198.004  544.995  175.872
510.967  246.572  538.868  218.561
339.963  227.757  409.889  205.948
594.16  77.0811  579.366  60.3281
367.84  136.523  422.095  126.837
529.361  305.657  567.047  266.988
260.568  92.5746  368.62  92.8949
411.826  95.4474  448.598  88.4629
477.941  211.812  503.316  190.18
539.869  249.564  564.05  219.708
48.0234  311.28  167.703  294.401
522.58  226.798  545.94  200.739
592.132  198.712  600.897  172.828
537.208  196.18  551.551  173.518
193.284  343.416  290.996  315.385
584.232  365.034  603.06  324.735
541.44  229.459  566.74  201.88
481.594  234.516  511.154  210.709
365.146  221.158  429.474  199.211
370.968  200.981  432.819  181.503
577.838  244.801  598.875  213.617
490.345  277.192  527.596  246.212
580.001  366.134  601.14  325.897
413.483  43.853  448.893  41.4503
431.192  270.962  475.797  244.047
90.8641  306.643  200.129  289.158
487.973  257.902  521.294  230.358
238.222  163.346  343.92  153.787
577.917  185.058  587.06  161.189
234.112  63.4196  347.032  71.1528
621.067  135.06  607.44  114.978
606.456  238.276  619.628  207.662
400.561  197.078  453.936  178.302
495.301  125.064  508.92  111.34
129.258  215.621  247.252  204.298
399.649  290.087  454.591  259.882
226.271  187.958  332.776  174.22
496.04  92.4002  505.161  80.9847
126.51  286.688  242.914  265.362
424.702  345.266  494.754  299.149
587.462  70.8042  572.695  54.6326
511.631  263.167  544.754  231.698
484.527  87.7538  495.009  77.2489
572.343  194.292  581.536  171.22
334.721  212.167  404.242  192.724
539.988  248.372  564.05  219.708
516.339  209.404  539.258  186.468
505.725  306.653  547.992  268.784
136.472  245.905  252.226  230.27
413.336  303.094  469.37  269.625
605.793  356.98  621.494  317.471
592.692  145.529  581.985  126.55
508.772  305.66  549.934  268.045
509.019  180.469  523.548  161.93
585.912  144.521  574.165  126.043
509.841  150.218  522.402  133.943
592.754  147.626  581.328  128.651
130.779  403.562  242.2  370.876
517.362  172.848  529.669  153.505
591.706  184.535  598.775  161.159
424.44  40.9091  459.153  38.4265
509.622  230.638  534.172  206.159
272.732  155.617  373.192  145.667
482.465  227.235  508.588  203.787
411.726  374.349  484.352  326.334
593.219  181.978  601.083  157.406
480.474  89.2907  491.355  77.7891
95.6893  305.351  205.536  287.466
562.322  219.651  579.517  192.333
585.393  199.097  594.167  173.65
485.273  273.573  522.236  242.452
494.216  289.511  533.428  256.202
462.245  211.775  487.674  191.268
451.363  262.294  487.74  235.798
407.632  381.5  483.42  331.478
526.222  304.147  561.874  265.903
569.675  143.379  559.503  125.778
585.723  253.168  605.403  221
407.932  292.936  461.627  261.95
407.109  294.343  460.655  264.593
548.465  176.1  556.794  155.017
481.785  234.403  510.977  210.786
500.582  128.036  512.858  112.76
513.861  144.664  526.282  128.621
594.557  111.783  580.097  93.9046
518.475  171.164  530.96  152.985
402.127  371.945  476.968  324.521
577.939  93.7095  565.054  77.3145
513.038  237.111  538.416  210.353
554.442  148.535  547.868  131.413
529.665  169.579  540.864  150.956
585.139  58.7649  570.173  43.2637
457.449  273.122  497.48  243.773
491.238  90.7403  500.69  79.7692
484.403  298.254  527.751  263.508
578.101  198.032  587.762  172.976
252.33  148.663  358.013  139.518
484.223  250.812  517.358  224.436
607.321  146.294  594.764  126.689
602.538  349.71  617.033  310.515
572.89  185.807  581.916  162.161
579.865  222.895  593.332  194.789
477.84  249.726  511.363  222.622
502.044  307.34  544.457  269.923
556.368  223.629  575.549  195.862
601.593  140.025  589.731  119.626
601.593  140.025  589.614  119.633
516.11  136.794  527.959  120.007
568.565  300.528  587.25  267.393
587.23  74.9155  572.544  58.7162
601.91  349.5  616.346  310.43
588.462  97.8591  574.948  80.8376
495.771  92.8215  505.206  81.539
519.249  168.092  530.305  150.31
510.859  305.442  551.164  268.126
471.515  245.354  502.968  219.824
131.236  351.538  241.341  325.071
451.995  279.068  496.961  249.284
585.248  199.642  594.078  174.049
557.04  290.697  585.256  254.83
573.667  224.468  590.282  197.173
570.654  231.618  588.048  202.371
520.962  303.016  559.111  264.216
596.04  137.816  583.633  119.135
349.836  150.949  409.025  140.462
417.906  37.9724  452.837  35.8956
387.724  22.5017  424.409  23.1632
507.591  84.3769  512.6  72.9432
546.111  247.893  570.951  218.54
244.502  139.227  353.483  131.85
255.642  148.632  360.173  139.313
431.211  272.622  476.69  245.45
183.79  338.749  281.175  312.559
461.598  209.289  489.792  189.713
258.441  155.657  359.988  145.222
577.661  145.756  568.154  126.3
90.4931  311.572  199.484  293.884
416.65  36.7292  452.453  34.9222
489.352  163.243  503.697  145.902
396.722  102.892  434.869  94.6295
583.914  309.844  602.047  272.917
134.928  409.176  246.184  375.673
519.002  137.838  528.718  122.289
200.941  59.2399  320.399  67.8858
341.962  234.514  411.377  213.05
454.287  452.235  484.995  418.274
452.482  267.712  493.864  240.309
589.17  96.7485  575.528  79.8167
408.753  99.0552  445.965  90.6222
405.219  311.996  465.207  278.286
608.472  78.0231  593.054  60.8642
522.768  244.031  545.829  216.409
425.338  128.831  462.815  117.931
271.437  122.869  375.289  117.056
270.881  167.232  365.841  156.254
76.1002  206.566  187.74  199.964
128.591  403.088  240.237  370.835
418.748  55.4498  453.157  51.21
585.837  59.9258  570.985  44.508
419.087  353.743  492.319  307.142
67.2544  178.946  182.208  175.941
235.135  364.936  333.513  329.759
344.143  212.318  411.863  193.741
547.216  374.245  571.815  336.272
577.849  184.006  586.899  159.988
580.239  93.766  566.764  77.3728
390.211  336.815  463.827  296.222
111.545  159.789  228.709  157.873
105.673  414.838  206.458  388.6
624.61  90.3821  608.616  71.9929
256.432  201.842  359.838  183.914
525.467  215.58  546.542  190.518
607.527  78.6769  592.147  61.5569
511.972  159.866  524.966  142.978
580.629  98.1262  567.342  81.5888
547.799  224.738  569.516  198.362
236.011  369.861  335.092  333.735
245.141  190.313  350.687  174.72
470.815  267.324  509.528  239.072
89.215  310.148  198.059  292.84
484.223  250.812  517.522  224.548
581.369  87.987  567.175  71.719
417.707  37.5192  453.246  35.4876
596.532  100.664  582.655  83.2841
526.832  169.584  538.273  151.29
601.246  77.9489  586.134  61.16
547.007  224.897  569.516  198.362
174.801  72.2846  286.676  80.7033
225.044  192.052  333.446  178.827
595.045  75.6302  579.815  59.1738
229.128  183.368  339.952  169.326
529.756  245.838  553.101  217.251
265.243  153.272  366.746  142.727
524.126  224.175  547.595  199.498
609.437  89.237  593.952  71.6223
483.521  258.094  515.704  229.985
503.73  193.59  518.872  173.102
474.89  213.167  500.936  191.178
611.766  91.5572  596.681  73.7944
579.197  223.264  593.332  194.789
32.6177  311.333  152.194  296.212
502.482  209.673  524.396  186.7
578.314  86.0318  565.491  70.1471
595.134  75.6139  579.815  59.1738
511.372  211.219  532.822  187.513
240.659  368.972  337.88  333.218
45.386  331.954  164.666  313.521
547.89  227.325  570.32  198.827
307.348  335.844  384.287  304.174
505.035  306.605  547.075  269.287
215.88  201.974  322.015  188.283
581.94  85.7683  568.155  69.6594
189.525  166.207  295.615  159.6
558.825  70.6225  544.854  56.0209
468.51  232.559  496.511  209.094
134.189  409.285  246.184  375.673
554.029  346.441  575.347  311.276
399.783  195.541  452.843  177.395
260.976  157.074  362.719  146.097
531.707  172.381  542.938  153.676
270.011  167.519  367.33  156.422
236.011  369.861  335.32  333.729
533.175  195.313  546.694  172.814
590.986  246.944  609.707  215.441
79.1666  193.062  192.938  189.247
46.1313  332.266  164.143  312.335
578.433  87.676  565.408  71.7476
484.831  284.048  524.588  252.449
417.906  37.9724  453.422  35.7755
229.932  188.037  335.716  173.747
582.096  74.6217  567.873  58.9483
247.62  208.488  347.098  190.728
85.4455  258.829  197.011  247.005
500.859  315.588  547.188  275.827
193.892  343.049  291.97  315.293
507.818  140.709  520.603  123.783
486.175  271.071  523.56  241.484
479.646  266.597  516.802  238.189
559.526  70.8158  544.91  56.1491
510.233  139.691  522.687  124.518
597.703  87.8444  583.066  70.9644
532.923  236.403  555.5  208.415
584.12  89.8524  569.634  73.4942
323.922  320.213  392.775  291.5
611.56  90.4075  595.97  72.7497
477.274  226.714  507.118  204.273
139.78  358.055  251.262  329.728
400.234  202.355  453.798  183.368
503.101  151.317  515.555  135.756
556.154  255.183  579.254  223.085
394.514  67.5897  430.692  64.6529
98.98  157.037  215.735  156.467
586.347  73.8153  571.347  57.9449
562.444  69.0589  547.991  54.3976
595.045  75.6302  580.198  59.3706
506.012  206.065  527.321  183.104
583.517  67.4114  569.166  52.0251
353.95  309.223  421.679  276.809
525.182  173.9  535.406  155.77
504.747  135.132  517.512  118.74
394.465  100.308  432.876  92.1914
237.744  148.765  338.536  140.482
357.273  211.921  421.884  191.214
91.3285  365.376  196.786  343.533
519.432  300.908  558.237  264.003
611.754  88.8542  596.024  71.2819
538.359  235.934  560.146  207.673
534.135  196.131  548.687  175.134
610.952  89.2385  595.364  71.7025
48.3376  323.737  167.42  306.105
585.322  198.256  594.116  172.465
601.221  78.2792  586.062  61.6459
542.354  223.763  563.843  198.23
141.374  375.014  251.291  343.185
608.451  80.1202  592.88  63.0781
419.225  128.926  456.536  118.573
583.481  67.1508  569.402  51.855
505.93  219.644  529.592  197.033
409.284  350.416  484.375  305.002
501.328  307.185  544.457  269.923
170.206  162.477  278.718  157.542
564.538  73.7014  550.173  58.8492
549.15  244.298  571.754  213.976
479.484  266.014  517.026  237.634
367.58  314.905  432.809  283.391
202.588  354.785  301.714  324.504
75.3609  138.648  191.537  142.062
459.386  226.978  490.974  205.672
548.244  237.692  570.054  208.281
509.77  235.437  535.556  208.571
583.081  90.9885  569.225  74.795
484.498  251.153  517.607  223.019
481.94  233.856  511.154  210.709
484.035  92.5111  494.435  82.1726
493.756  137.289  507.814  121.192
573.352  82.5889  559.065  67.0997
418.244  88.1694  454.516  80.1844
407.498  372.235  482.191  324.539
490.987  229.851  513.896  205.859
597.402  190.769  606.211  164.492
404.35  371.28  479.699  323.84
140.731  378.724  251.268  346.228
212.344  52.1296  328.255  61.1944
482.133  258.467  515.585  229.766
238.189  190.26  343.437  174.933
599.183  87.9077  583.066  70.9644
122.063  249.568  242.404  232.103
578.732  103.082  566.072  86.7795
140.021  358.281  252.015  329.877
255.642  162.723  356.219  151.068
468.68  264.171  507.471  236.703
547.196  218.373  566.696  191.322
549.725  123.461  540.034  105.857
563.927  83.0113  550.556  68.0487
529.218  169.88  541.347  151.607
598.595  85.0321  583.71  68.377
363.156  214.604  427.99  195.114
137.097  451.152  245.887  412.249
582.413  79.0532  568.541  63.4328
562.406  70.8757  548.179  56.334
73.2256  276.641  184.598  264.067
565.322  70.958  550.075  56.1643
454.553  452.534  484.995  418.274
548.865  178.491  556.787  156.768
482.509  111.179  494.378  97.505
497.719  291.154  536.262  255.754
507.905  82.5754  512.722  71.659
529.361  305.657  567.596  267.426
555.386  242.934  578.426  211.807
242.387  137.709  353.252  130.172
122.027  376.136  224.697  351.254
360.871  340.581  435.076  303.462
127.451  357.927  237.223  331.782
352.733  224.877  420.794  204.384
528.719  175.898  540.646  155.039
421.219  124.88  456.694  115.065
588.119  89.8588  573.686  73.5739
358.247  317.316  426.576  285.55
421.715  124.886  456.694  115.065
129.562  299.13  245.958  277.656
211.657  79.7052  315.733  83.3404
583.177  89.7415  569.465  73.7565
369.925  201.871  432.819  181.503
408.908  350.332  484.375  305.002
370.318  328.242  435.705  295.144
245.479  136.012  354.885  130.96
241.456  106.854  353.82  104.721
558.34  65.9261  543.507  51.7248
455.513  361.119  517.524  311.961
599.396  189.642  606.484  165.95
579.346  93.2847  565.054  77.3145
529.28  168.983  540.864  150.956
501.194  234.46  527.955  207.973
559.424  71.0121  545.137  56.6775
257.618  156.517  360.836  145.375
594.709  102.12  580.698  85.1773
476.368  243.674  507.384  217.393
145.92  362.337  257.459  333.142
577.257  73.5444  563.012  58.4264
559.313  70.7088  544.909  56.3951
546.326  242.968  569.893  212.473
599.639  89.2138  585.063  72.5144
597.137  105  583.303  87.8643
102.918  282.585  210.831  267.741
250.741  141.076  356.153  132.712
350.562  318.042  419.027  284.484
416.924  368.386  491.275  320.152
366.724  203.756  429.994  183.27
615.058  79.6844  598.463  62.5303
351.749  219.151  419.549  199.597
426.161  47.0249  460.868  43.09
428.549  272.471  472.488  246.688
413.133  32.7135  447.42  33.1971
331.354  161.237  396.964  150.637
143.628  362.837  254.258  334.21
462.917  258.173  503.762  228.714
540.465  251.516  565.421  222.989
598.149  102.637  583.896  85.5556
49.1713  398.542  161.457  375.849
479.642  271.573  517.906  242.696
134.314  408.722  246.184  375.673
582.096  74.6217  568.001  59.3575
122.189  245.509  242.63  228.346
573.567  69.0864  558.981  54.3181
485.222  285.159  526.311  253.301
488.902  262.998  520.717  233.549
626.394  98.9631  609.034  80.5716
438.615  259.392  478.93  232.305
344.871  236.767  413.407  215.581
553.488  251.938  576.059  220.172
591.208  78.4902  575.61  62.5688
547.094  248.965  571.026  217.587
426.337  301.862  477.664  268.038
191.273  349.87  289.653  322.035
229.06  41.3516  342.005  51.4346
594.077  77.295  578.677  61.3661
273.477  345.303  361.83  312.563
266.795  89.0332  371.916  88.7839
523.655  213.566  543.731  188.433
569.813  90.5741  556.098  75.3691
546.667  243.08  569.893  212.473
99.1273  407.796  203.786  378.991
584.38  263.461  604.355  231.329
76.6446  141.384  192.675  144.76
572.681  69.6208  558.42  55.0343
238.093  148.721  338.174  140.008
48.5632  325.253  167.678  307.902
342.627  241.766  412.033  220.087
594.042  105.935  579.387  89.0847
64.0626  392.801  177.316  368.892
94.7772  411.774  200.755  385.595
389.101  81.4204  425.475  77.7773
426.2  322.741  496.237  281.542
267.276  151.919  367.549  140.914
559.384  70.4599  544.909  56.3951
507.948  164.271  520.333  145.17
105.877  154.228  222.405  154.206
449.966  391.308  517.171  339.388
192.733  355.029  293.731  325.643
470.917  190.543  496.018  173.14
418.113  268.249  467.975  239.045
96.2363  417.421  196.857  389.633
406.907  371.893  482.191  324.539
234.272  364.509  332.445  327.14
362.655  126.985  418.53  119.692
350.151  189.866  413.697  171.986
238.232  375.567  339.598  338.325
451.381  261.412  486.768  234.324
494.556  359.725  548.627  312.386
117.944  364.595  231.379  337.86
502.479  148.474  514.919  130.689
421.219  124.88  456.287  115.468
388.809  291.948  451.093  262.242
367.423  135.433  418.788  124.03
235.649  378.189  335.125  338.434
423.83  386.098  497.601  335.238
244.567  140.704  352.181  132.255
212.606  77.7666  311.642  84.2515
504.471  151.553  516.733  133.401
380.15  62.3679  421.263  58.3953
244.259  148.768  351.422  138.996
354.824  247.806  421.967  221.762
145.96  358.503  262.178  328.513
127.905  144.882  238.883  142.169
213.733  77.8013  328.911  81.5669
438.517  391.904  511.587  338.374
242.668  186.827  349.041  170.973
489.725  276.236  525.996  243.489
49.6977  326.843  168.719  309.504
240.104  163.771  348.189  154.977
265.473  151.16  365.336  143.553
387.59  205.518  447.179  186.812
575.921  90.5675  562.805  75.4472
229.576  34.2917  342.729  45.3541
452.799  333.206  521.02  288.013
430.796  369.979  504.199  320.455
389.755  375.091  462.926  331.263
269.654  153.963  367.762  142.375
451.034  332.46  519.033  287.769
391.881  393.048  465.453  346.668
559.384  70.4599  544.852  56.686
510.303  235.691  535.639  208.104
229.911  189.085  335.716  173.747
229.576  34.2917  342.772  45.287
203.524  164.06  313.526  153.904
509.977  231.63  532.614  208.87
210.03  64.7803  328.811  71.0276
593.071  263.374  609.344  232.359
337.809  149.287  394.989  140.981
219.619  48.8283  335.499  57.5499
440.373  244.251  479.367  221.977
404.867  371.036  480.789  324.122
408.407  349.688  484.375  305.002
49.0931  324.577  168.566  307.575
163.486  360.496  273.393  330.818
555.81  383.107  581.216  344.145
93.1193  374.195  200.563  347.671
406.257  370.417  481.89  323.55
281.278  150.945  376.749  139.232
154.867  368.339  265.651  338.422
517  178.181  532.757  156.634
189.651  419.058  299.151  375.576
110.666  356.826  217.333  334.413
428.91  212.237  472.14  192.961
404.84  371.234  480.601  324.463
410.391  361.598  486.315  315.152
461.271  240.076  493.612  218.282
422.153  378.055  497.105  328.186
192.981  166.616  300.92  156.805
474.336  231.367  503.733  209.958
240.331  196.209  344.004  179.164
352.302  226.104  420.329  206.302
264.99  153.586  365.903  141.926
213.827  205.253  320.005  192.333
610.952  89.2385  595.97  72.7497
215.539  51.4512  332.35  59.7277
430.234  220.1  473.846  195.922
389.996  382.279  465.24  336.734
439.043  391.206  511.587  338.374
126.138  266.094  243.97  245.654
207.14  170.883  312.158  163.702
264.349  91.078  371.647  90.001
603.298  369.486  619.883  325.797
565.051  66.7023  550.242  53.0637
140.909  382.644  251.312  353.036
570.521  307.488  590.363  269.968
576.814  108.837  564.802  93.4269
244.928  163.872  349.388  155.456
344.891  249.594  413.629  227.592
126.972  235.359  243.296  223.346
35.9052  304.609  155.647  291.16
412.325  47.1587  447.84  42.8623
414.341  375.127  481.655  331.271
442.66  328.287  512.335  284.914
403.348  386.092  478.922  337.997
88.0471  262.771  198.738  251.663
569.059  308.332  589.375  270.634
401.601  138.201  441.765  128.817
520.12  243.147  548.32  217.109
438.083  384.702  511.655  332.381
546.995  189.348  558.023  165.492
524.892  85.3685  526.175  74.2885
363.998  214.181  429.096  195.665
498.338  167.553  512.522  152.23
353.522  238.199  421.163  217.149
487.274  273.399  527.201  243.867
560.672  323.998  580.659  291.534
394.322  252.46  449.655  229.368
438.517  391.904  511.262  339.233
428.197  369.045  502.061  320.38
129.442  297.89  245.958  277.656
436.288  383.056  509.649  331.553
141.239  354.456  252.24  327.954
406.576  130.88  441.333  122.376
150.373  265.209  261.245  248.667
80.62  148.055  196.675  151.183
210.075  76.7352  319.198  79.9452
513.1  266.641  543.004  234.006
403.355  298.116  456.308  270.507
219.086  48.9657  334.935  57.1445
237.536  192.515  344.138  175.396
277.687  153.238  377.206  145.259
225.751  200.73  332.66  183.152
129.307  225.927  247.511  215.002
418.41  385.15  490.09  337.407
233.515  381.735  329.968  342.243
141.723  381.374  252.528  352.042
71.3398  267.494  182.334  252.617
204.416  166.96  312.919  155.763
511.439  249.903  536.913  220.281
390.029  363.634  466.22  320.405
248.651  163.047  353.515  154.937
605.414  199.731  613.289  175.979
135.543  345.128  247.055  320.404
351.244  295.91  419.167  263.514
412.591  310.25  471.183  278.352
215.85  159.612  330.553  153.274
353.42  301.289  421.917  267.85
66.7723  464.765  172.974  438.43
414.874  363.53  491.008  316.776
414.443  379.983  489.579  331.718
417.23  254.866  461.56  227.669
134.314  408.722  245.947  377.157
372.745  308.575  437.045  273.715
94.3068  409.93  199.899  385.342
435.579  400.616  509.025  347.331
412.661  392.267  487.584  342.93
218.793  68.3317  335.387  72.7293
501.124  150.632  514.158  131.662
140.729  141.544  251.166  137.624
473.965  243.609  503.355  216.545
362.195  148.904  413.263  140.519
417.025  395.395  491.397  345.424
349.373  300.694  417.633  267.642
409.979  379.207  486.325  331.258
130.781  401.041  242.924  364.799
357.971  343.396  428.35  303.729
407.103  385.176  482.375  337.628
171.678  68.9836  279.741  74.2936
125.951  261.407  245.478  246.148
412.654  362.466  488.574  316.64
567.413  311.318  587.39  279.503
122.2  265.078  239.942  250.099
590.791  176.163  599.793  149.643
187.18  73.5465  299.437  77.6141
225.979  185.64  336.951  175.222
117.653  388.884  227.144  362.625
54.9713  403.122  167.498  381.158
344.583  213.304  411.723  196.969
430.482  368.831  505.002  320.372
405.736  389.013  481.299  341.303
356.291  248.857  423.811  227.26
264.133  153.949  365.396  141.119
427.337  388.022  501.773  337.676
82.1105  259.437  191.739  250.446
126.024  172.522  248.2  163.531
208.848  349.343  303.328  316.355
350.972  294.622  418.876  261.793
567.457  184.063  574.937  158.724
131.027  369.777  243.259  343.166
359.227  149.546  410.194  141.754
555.348  326.203  574.891  295.677
71.1262  264.378  184.615  254.997
133.517  340.493  244.407  317.395
253.828  164.117  355.453  150.092
480.281  256.141  512.589  225.921
556.392  338.327  577.32  306.362
394.294  371.815  464.821  330.839
351.495  297.782  419.237  264.422
402.305  137.395  439.394  129.424
365.077  380.682  448.71  336.042
399.47  331.883  469.477  287.868
436.61  369.408  503.646  316.844
137.075  276.566  251.52  253.143
82.8684  223.11  197.112  220.355
