1260
480.515  225.058  507.558  232.088
33.3116  382.848  145.919  362.337
338.702  50.4619  395.931  69.134
105.596  187.991  239.287  193.501
590.091  58.8533  582.085  73.3911
598.826  57.2689  589.937  72.2653
611.292  329.358  617.825  330.483
485.348  216.316  511.296  224.185
480.806  168.88  497.358  178.085
109.698  186.692  245.915  192.967
353.979  81.8366  408.874  98.5602
509.406  226.647  531.607  234.382
345.516  389.572  427.369  374.391
451.88  248.07  485.594  252.467
495.605  167.255  512.101  177.53
472.478  159.486  492.05  169.464
474.892  227.569  502.237  234.124
536.712  213.28  557.237  223.466
283.29  344.998  357.382  335.109
487.539  228.976  513.671  235.902
463.478  100.643  485.938  114.427
484.353  120.35  503.9  133.676
480.46  134.396  499.891  146.479
469.578  305.201  510.058  304.906
546.841  234.83  567.359  243.601
447.22  205.067  475.168  212.036
147.327  148.75  277.735  161.387
389.209  283.206  435.411  282.649
464.165  141.652  483.842  152.197
479.826  127.933  499.356  140.397
494.919  147.761  511.587  159.275
451.902  228.186  481.94  233.856
351.917  297.201  407.109  294.343
564.2  182.217  573.957  194.503
99.0117  148.96  242.856  160.855
618.327  320.853  622.963  323.079
493.233  155.524  509.357  166.276
597.209  75.6797  588.119  89.8588
496.169  167.383  512.101  177.53
561.966  181.702  571.645  193.859
567.85  184.966  577.591  197.243
563.698  181.164  573.415  193.489
459.299  308.247  502.044  307.34
360.361  334.982  441.464  327.808
328.94  395.136  409.979  379.207
444.716  273.342  482.444  275.422
500.063  149.278  515.341  160.676
533.18  225.287  555.446  234.421
471.618  138.44  491.318  149.679
500.336  137.664  515.597  149.796
433.528  272.239  472.817  274.084
446.831  271.808  485.49  274.125
605.361  59.0754  595.713  74.2423
470.785  153.282  489.352  163.243
577.065  185.766  585.322  198.256
451.472  247.848  485.149  252.277
539.242  379.112  546.293  374.517
338.694  39.3466  396.174  59.0114
572.358  191.944  581.35  203.811
482.419  229.087  509.708  235.942
96.0096  183.744  233.646  189.779
327.916  395.647  408.285  379.723
490.244  178.211  507.143  187.552
414.58  238.824  451.688  242.687
490.469  144.503  507.422  156.041
442.434  208.433  470.092  214.859
117.072  142.039  258.441  155.657
365.937  392.075  446.502  376.708
603.704  61.5757  594.312  76.6123
529.33  219.445  549.482  228.542
461.077  108.402  483.848  121.588
427.913  249.899  464.111  253.335
359.366  409.569  438.517  391.904
119.822  145.797  258.186  158.528
556.589  124.495  544.984  132.819
546.529  165.481  554.401  177.252
502.788  135.405  518.963  148.113
449.069  116.887  471.563  128.639
462.588  245.67  494.716  250.674
486.996  203.436  511.105  212.089
567.952  247.996  586.975  256.406
458.445  307.859  501.333  306.893
450.435  258.538  484.608  262.017
476.891  68.3583  497.495  84.5778
493.582  236.569  520.12  243.147
339.298  49.9683  395.406  68.3897
597.209  75.6797  588.196  89.8029
81.3944  176.607  217.759  182.602
389.568  104.579  437.498  120.291
508.919  211.937  532.581  221.209
455.688  221.318  482.465  227.235
454.914  317.331  498.723  315.314
536.065  214.124  556.761  224.283
501.868  141.962  518.552  154.452
427.121  248.768  462.606  252.08
546.999  208.736  565.954  219.725
568.13  341.221  574.395  340.472
468.809  305.802  509.962  305.337
479.593  151.438  497.741  162.121
458.889  302.823  500.489  302.541
557.155  341.849  564.487  340.782
502.149  136.927  518.612  149.55
497.053  210.089  521.783  218.869
490.17  234.382  517.927  241.269
440.561  196.872  466.024  203.682
553.229  160.636  563.387  173.857
453.071  218.787  481.228  224.953
95.7374  360.223  194.272  343.971
451.111  228.408  481.297  234.14
464.286  242.365  495.664  247.695
499.876  154.727  514.674  165.757
545.948  208.822  563.651  219.353
490.557  199.441  515.628  208.947
487.181  210.546  511.521  218.645
485.237  121.951  504.747  135.132
411.946  236.231  448.686  240.189
523.513  179.256  539.045  190.258
567.105  169.959  577.801  183.492
348.855  402.313  428.694  385.465
411.436  243.843  445.983  246.736
395.586  371.937  469.813  360.414
95.7374  360.223  193.772  343.821
106.44  68.0491  263.805  94.9774
451.139  310.019  495.888  308.751
510.152  240.67  534.25  247.374
479.586  167.868  496.243  177.174
490.17  234.382  516.485  241.098
494.189  105.472  513.437  120.517
407.083  283.493  452.774  283.642
490.02  228.556  515.985  235.727
338.561  401.974  418.41  385.15
411.451  238.192  448.392  241.989
548.861  234.828  568.922  243.535
501.37  151.764  516.755  163.252
567.569  74.9484  558.648  86.628
421.63  303.043  469.519  301.528
427.968  248.936  463.982  252.487
422.744  274.305  465.624  275.624
325.105  361.414  410.475  349.811
485.661  191.445  509.449  200.858
593.567  226.685  605.881  237.469
350.268  30.3678  409.219  52.2828
463.917  242.137  495.248  247.483
158.002  157.89  282  168.984
468.496  122.313  489.038  134.684
104.081  71.1118  261.215  97.1287
115.937  150.864  253.211  162.517
524.869  229.372  548.234  237.759
607.672  359.925  605.344  358.843
395.291  274.516  441.094  275.122
603.599  62.1661  594.16  77.0811
356.133  83.5182  411.081  100.191
452.382  248.214  485.594  252.467
479.449  226.745  506.645  233.489
462.037  78.6909  483.284  93.3151
482.42  170.387  499.054  179.736
319.164  191.725  389.272  199.606
458.346  142.416  478.622  152.76
322.63  386.731  404.558  371.683
574.133  159.467  584.588  174.23
610.314  330.325  616.898  331.216
543.583  207.769  562.633  218.697
486.287  201.908  510.359  210.574
593.364  44.0249  586.296  59.9585
511.812  225.486  535.573  233.568
455.747  161.116  475.951  169.902
281.949  210.283  362.434  215.66
329.821  182.951  396.722  191.588
154.83  136.433  283.675  150.791
329.484  395.345  410.308  379.267
630.17  185.781  629.819  199.773
91.8647  370.134  189.369  352.897
536.088  377.473  543.645  372.844
608.812  357.667  606.566  356.56
422.466  303.61  470.286  302.028
585.007  128.301  572.908  138.642
522.721  241.362  546.94  248.856
345.228  402.141  424.931  385.29
490.919  144.943  508.109  156.638
463.199  242.183  494.603  247.524
138.726  104.67  282.351  125.636
480.021  205.379  503.87  213.606
568.518  244.522  587.656  253.397
427.642  248.88  463.982  252.487
503.647  135.524  519.773  148.459
572.327  186.279  581.905  198.878
526.357  207.022  547.91  217.185
489.668  304.197  526.982  304.436
461.934  240.779  493.652  246.224
474.892  227.569  502.13  233.987
480.515  225.058  507.663  231.972
531.253  234.41  554.363  242.603
594.454  227.318  606.456  238.276
409.207  292.286  456.273  291.713
505.064  239.103  528.732  245.596
589.906  60.1968  582.096  74.6217
314.538  106.128  369.013  117.825
480.641  225.565  507.67  232.421
323.031  188.262  392.732  196.416
470.291  75.2861  491.238  90.7403
560.838  240.338  579.865  249.232
476.243  140.82  495.622  152.044
487.484  106.77  508.291  121.757
456.881  316.823  501.08  314.708
29.7261  378.402  140.685  358.51
603.438  116.516  592.615  129.207
436.23  119.605  467.745  133.024
451.768  228.653  481.809  234.155
463.751  242.392  495.248  247.483
519.115  159.429  532.528  170.915
479.253  226.671  506.413  233.662
492.049  199.578  515.628  208.947
497.512  226.909  523.769  234.419
558.861  388.745  564.944  383.738
449.857  292.977  491.196  293.542
353.063  323.135  430.364  317.609
495.379  166.109  511.345  176.162
510.883  210.685  534.089  219.88
475.039  227.743  502.237  234.124
496.125  213.727  520.748  222.361
571.706  165.046  582.453  179.236
498.962  204.27  523.655  213.566
113.647  134.492  256.854  149.372
480.348  225.216  507.558  232.088
469.045  76.0015  490.086  91.3652
521.271  185.434  537.208  196.18
593.888  220.48  604.05  231.753
491.704  200.223  516.339  209.404
374.477  425.72  449.167  406.079
546.991  336.704  556.388  335.865
457.794  228.737  487.26  234.444
490.915  199.764  515.628  208.947
489.418  229.425  515.072  236.519
483.31  80.2548  501.282  95.4675
409.924  237.676  447.467  241.584
445.304  320.977  492.283  318.035
613.302  57.9143  602.783  73.6777
476.813  141.686  496.149  153.197
356.375  374.475  439.957  361.563
460.436  284.457  499.336  286.21
341.177  392.177  422.387  376.838
441.161  284.968  480.551  285.994
444.918  306.088  491.112  304.843
441.619  247.332  475.281  251.152
540.291  378.935  547.216  374.245
567.07  108.336  556.563  118.504
102.079  72.3927  259.039  98.2804
496.581  226.221  522.614  233.692
500.955  133.715  517.774  146.809
452.79  111.563  475.994  124.266
453.603  121.555  474.815  132.758
581.977  169.893  591.706  184.535
458.827  246.249  490.776  251.124
443.044  284.433  483.083  285.274
484.756  200.602  508.646  209.187
439.448  278.329  478.966  279.965
603.987  60.9784  594.386  76.1974
78.3536  83.5065  240.48  106.738
349.766  69.2932  406.967  87.622
574.469  187.506  582.697  199.535
567.224  243.823  586.459  252.763
487.919  301.548  523.447  301.956
530.573  226.982  553.541  236.122
405.88  240.895  442.686  243.924
486.983  142.98  503.594  154.399
458.202  115.25  481.25  128.109
480.952  160.264  498.051  170.327
457.076  131.976  478.186  143.154
317.866  23.9688  379.334  44.1499
552.75  320.33  561.476  321.071
128.704  140.73  264.133  153.949
324.908  46.6372  384.365  65.3448
437.034  213.396  466.431  219.564
22.4448  375.543  134.957  355.765
485.108  121.125  504.331  134.533
479.51  64.174  502.107  81.4362
452.283  153.768  473.528  162.96
484.741  117.921  503.999  131.137
486.368  230.473  513.038  237.111
522.88  237.035  545.959  244.494
157.82  157.434  280.945  168.131
503.566  161.394  518.931  172.132
596.724  56.3651  587.641  70.8832
479.255  124.581  499.047  137.498
470.446  305.588  510.859  305.442
485.245  118.411  504.853  131.745
512.605  226.255  535.785  234.157
334.012  371.805  418.201  359.029
462.82  78.3984  483.98  93.1547
470.671  137.615  490.37  149.054
477.75  74.0981  498.069  90.0964
466.206  140.383  485.669  151.266
564.524  202.129  576.869  213.237
95.7405  359.456  194.61  343.378
459.368  307.893  501.328  307.185
113.878  53.2767  269.342  82.5945
499.518  204.031  522.886  213.49
340.517  367.91  425.139  355.735
510.12  177.553  524.597  187.834
468.307  134.872  488.457  146.043
468.519  239.444  499.793  244.955
481.315  168.478  497.734  177.91
476.28  115.758  497.034  129.306
317.795  23.9652  379.278  44.1242
123.019  103.802  271.437  124.434
538.469  378.306  545.551  373.603
509.567  210.153  533.387  219.376
484.265  126.917  502.355  139.572
494.537  305.679  528.701  306.189
483.144  117.439  502.505  130.567
486.109  119.751  505.643  133.025
552.324  234.943  572.437  243.719
145.669  162.084  270.355  171.666
549.998  160.233  558.909  173.032
498.489  154.948  513.993  165.758
440.908  294.512  483.283  294.293
610.714  327.001  617.029  328.569
503.481  302.721  538.899  303.441
459.617  86.1904  481.53  100.097
37.053  34.8796  210.03  64.7803
79.8065  85.3995  240.797  108.158
324.385  59.145  382.997  76.5709
463.392  241.808  494.464  246.817
516.968  248.431  540.821  255.027
359.378  419.574  435.579  400.616
554.752  166.32  565.784  179.187
533.815  185.034  548.769  196.033
419.007  251.455  454.682  254.474
459.591  253.799  492.3  258.145
444.008  258.481  479.002  261.49
544.087  162.266  551.942  174.236
546.216  217.849  565.993  228.259
333.068  395.1  413.599  379.004
112.875  131.878  256.935  146.852
493.329  155.388  509.658  166.458
119.822  145.797  259.092  158.872
315.562  186.177  384.621  194.34
341.17  88.614  396.847  104.195
362.613  69.6842  418.244  88.1693
471.275  153.432  489.544  163.6
518.825  229.265  542.299  237.233
490.557  199.441  515.329  208.578
505.446  238.867  529.756  245.838
515.076  240.703  538.908  247.481
452.968  106.007  476.583  118.776
610.959  328.256  617.308  329.719
500.735  143.247  517.199  155.202
481.119  168.788  497.556  178.226
64.2436  162.069  201.424  168.653
453.202  275.692  490.281  277.577
480.56  151.817  498.488  162.649
490.019  122.725  509.201  136.463
434.206  213.276  464.128  219.435
460.072  284.039  499.295  285.905
83.3084  210.283  215.148  211.785
481.198  114.936  500.582  128.036
259.092  111.03  342.586  125.955
509.559  239.759  533.272  246.323
479.514  151.229  497.654  162.085
502.096  227.73  528.163  235.298
584.172  173.188  592.627  187.464
438.823  276.063  478.208  277.484
437.954  196.734  463.922  203.657
478.807  75.1314  498.486  90.971
428.175  230.235  464.822  235.645
474.772  149.278  492.973  159.447
553.808  168.059  565.856  180.966
457.912  276.356  494.442  278.311
589.799  59.8984  581.692  74.5967
465.812  238.527  496.946  243.919
451.768  228.653  481.594  234.516
526.991  215.204  547.83  224.445
366.493  79.4462  420.701  97.476
599.117  133.878  586.131  144.935
500.371  217.235  523.618  225.686
364.927  328.064  442.785  322.25
522.11  240.929  546.311  248.052
576.631  186.964  585.045  199.14
452.897  102.615  476.107  115.414
442.508  258.534  480.063  262.16
456.985  245.261  489.995  249.823
561.11  201.407  575.589  213.241
451.224  319.45  496.668  316.756
449.576  118.108  476.039  131.262
462.58  130.187  484.027  142.068
128.921  146.329  263.254  159.063
482.893  228.308  509.979  234.924
412.582  239.015  450.015  243.026
427.911  255.085  464.645  258.33
519.665  215.875  542.483  224.945
589.484  59.4866  581.717  74.3605
89.5576  121.117  242.234  137.614
557.589  93.5076  547.677  103.646
363.683  71.2927  419.383  89.7128
472.86  140.89  491.992  151.656
377.858  331.49  456.597  324.944
112.07  147.235  251.891  159.752
106.219  125.569  252.679  141.359
556.6  93.7056  546.68  103.766
481.714  230.227  508.721  236.593
503.567  158.618  518.913  170.004
484.532  199.165  508.505  208.321
409.599  236.157  447.069  240.285
567.981  184.244  577.788  196.34
447.272  220.415  477.519  226.246
343.636  41.2128  402.993  61.568
466.862  223.67  493.642  230.34
483.579  196.582  507.268  205.833
501.541  156.664  516.182  167.853
164.484  368.876  260.634  352.789
448.381  205.648  476.227  212.313
589.263  85.973  580.891  99.6947
319.397  51.2902  379.92  69.0238
591.399  174.142  599.894  188.342
484.437  138.233  502.738  150.361
464.863  95.2431  488.422  110.173
451.902  228.186  481.809  234.155
485.709  120.257  505.298  133.386
482.316  196.898  506.012  206.065
486.578  195.328  511.257  204.461
593.364  44.0249  585.837  59.9258
406.023  279.91  450.821  279.942
462.359  245.732  494.64  250.984
343.799  329.592  424.893  323.071
384.435  279.625  430.785  279.558
380.551  317.164  453.535  313.318
465.685  140.809  485.669  151.266
471.94  106.539  493.935  120.192
473.572  162.12  490.933  171.771
554.869  122.196  544.498  130.606
446.183  121.769  476.334  134.937
557.332  182.485  566.999  194.557
415.148  238.885  452.068  243.015
384.313  270.575  429.811  271.305
493.68  216.797  519.119  225.318
469.27  104.227  491.563  118.548
591.421  51.8881  583.481  67.1508
341.505  370.188  425.832  357.219
350.308  401.705  430.17  384.72
595.08  119.121  583.838  131.062
570.446  166.16  581.503  180.092
141.208  155.255  270.682  166.796
489.715  145.546  506.806  157.285
449.064  292.195  490.543  292.983
591.4  174.344  599.712  189.106
475.833  114.221  496.977  127.419
600.448  55.4306  591.742  70.3826
317.579  31.1946  377.27  49.9636
597.836  133.801  585.521  145.07
461.142  255.797  494.63  260.205
408.701  274.473  452.073  275.033
515.382  242.326  539.746  249.58
414.458  295.331  460.166  294.125
550.497  227.877  570.376  237.071
442.508  258.534  479.002  261.49
437.74  204.481  464.161  211.014
134.224  63.4457  283.663  90.9243
555.011  50.472  546.405  62.0153
450.726  246.505  484.522  251.328
255.081  338.107  329.794  328.002
511.922  159.282  526.048  170.943
484.751  195.465  508.438  204.92
486.122  201.604  510.709  210.159
427.496  254.713  464.071  258.021
338.13  362.176  423.481  350.223
76.0645  160.27  217.083  169.015
512.819  160.506  527.106  171.515
486.402  202.667  511.372  211.219
591.015  64.5264  582.413  79.0532
483.125  229.646  510.113  236.078
562.368  173.028  573.403  185.825
497.566  292.394  531.843  293.926
498.007  127.193  516.088  140.34
375.458  330.274  452.775  324.483
552.293  166.361  564.736  179.293
315.593  185.888  384.924  194.246
492.736  155.561  508.845  166.641
239.969  7.82367  333.927  34.0674
542.463  207.968  562.89  218.609
457.868  228.196  487.26  234.444
593.02  43.0078  585.139  58.7649
508.433  175.602  524.056  186.319
346.189  29.8677  404.878  51.7896
526.561  240.223  549.468  247.389
509.289  213.863  533.517  223.362
412.772  228.233  449.334  233.129
462.312  304.94  504.185  304.117
483.684  103.149  505.038  117.729
563.285  173.26  574.035  186.021
128.399  74.9806  278.42  100.427
147.815  138.205  276.23  152.221
609.945  122.825  596.679  135.107
460.892  223.967  487.268  230.307
582.352  185.66  590.975  198.283
484.417  195.281  507.957  204.72
434.744  312.285  482.239  310.564
96.3052  360.473  193.772  343.821
524.319  208.442  547.196  218.373
495.102  196.938  517.954  206.769
454.385  287.167  494.778  288.671
469.868  191.312  493.794  200.249
609.187  70.692  598.595  85.0321
590.48  55.4368  582.399  70.475
460.875  78.6641  481.997  93.4076
460.118  133.746  480.92  145.141
586.754  80.1385  577.939  93.7095
488.913  156.993  506.24  167.316
484.713  196.795  508.236  206.149
452.827  280.457  493.949  282.655
471.389  167.53  489.033  176.834
140.749  390.154  244.406  371.447
449.781  140.503  470.448  149.967
355.004  21.0579  415.39  44.5013
505.872  207.079  529.681  216.173
521.261  200.977  540.457  211.403
122.063  144.31  260.976  157.074
502.694  166.992  517.786  177.807
510.735  222.727  534.769  231.525
467.283  218.369  493.999  224.82
474.494  289.55  512.567  291.435
502.664  301.983  538.021  302.595
460.521  244.968  492.567  250.252
336.846  361.96  421.664  350.007
493.206  211.512  517.773  220.379
562.969  122.95  553.658  133.032
128.815  158.148  260.113  168.896
465.886  160.208  483.759  169.661
497.896  140.094  514.855  152.024
450.466  205.144  477.941  211.812
438.457  207.43  466.944  213.421
148.882  388.417  245.534  370.536
318.621  50.009  378.082  67.302
364.32  72.4169  419.971  91.4684
343.597  411.16  418.611  394.146
486.743  201.746  510.709  210.159
519.477  214.731  542.139  224.522
463.751  242.392  495.031  247.986
131.54  381.964  233.744  364.18
315.335  29.4114  376.541  49.432
546.306  208.725  565.112  219.185
316.727  367.161  402.054  354.946
452.836  254.276  486.289  258.519
555.937  95.4497  545.957  105.509
447.064  319.256  493.993  316.335
465.268  158.731  484.023  168.462
466.16  140.3  486.056  151.517
500.428  224.718  525.389  232.937
548.038  168.863  556.94  181.143
442.721  312.922  491.477  310.614
478.872  115.426  498.583  128.249
483.454  138.615  501.877  150.786
537.234  219.229  558.152  228.563
485.946  211.512  511.082  220.084
386.724  272.165  431.961  272.918
482.958  296.089  520.523  297.555
30.1835  38.0231  204.328  67.3706
587.974  178.074  596.004  191.483
582.662  185.429  591.258  198.029
540.971  192.573  555.369  203.149
105.469  142.133  249.36  155.786
418.588  253.823  454.914  256.87
455.973  254.097  487.542  258.339
579.649  69.4641  571.958  82.3969
522.378  237.291  546.339  244.588
71.6312  154.674  217.043  164.687
542.756  229.034  564.513  237.887
471.797  106.457  493.813  120.004
603.823  60.6364  594.386  76.1974
438.757  268.121  477.225  270.897
468.493  237.439  500.946  243.052
492.398  67.4596  507.905  82.5754
548.158  337.244  556.388  335.865
105.844  67.468  262.275  94.5112
581.948  125.366  570.397  136.068
583.385  367.471  583.819  364.662
473.367  104.123  495.134  117.848
584.871  79.7053  575.968  93.1441
503.238  180.031  518.153  190.03
486.772  209.001  511.514  217.779
138.855  372.663  240.968  355.255
551.391  160.382  561.798  173.041
330.436  398.78  411.501  382.748
470.696  166.76  488.145  176.076
435.836  213.544  465.243  219.884
500.457  206.175  525.047  215.111
560.029  239.788  579.551  248.196
441.871  98.1377  465.621  111.202
30.8239  377.327  142.29  356.976
487.814  208.116  511.951  216.93
499.934  180.938  515.033  190.714
429.879  305.247  476.059  303.386
439.707  261.974  477.439  265.339
121.724  73.5257  274.446  99.2301
339.73  36.7463  398.017  56.5239
396.047  371.489  469.813  360.414
542.347  192.085  556.277  202.659
86.529  151.814  228.645  162.609
451.453  228.949  481.851  235.031
436.282  213.583  465.243  219.884
508.993  223.619  531.935  231.271
426.522  235.328  460.45  239.216
460.156  242.517  492.14  248.056
618.744  62.6775  608.128  79.0824
472.555  294.836  509.697  296.12
588.304  71.5477  579.723  85.7245
479.778  118.477  499.319  132
588.92  173.918  597.496  188.729
456.713  110.906  479.142  123.994
386.346  269.93  430.587  270.853
89.8415  178.647  230.026  185.845
614.216  269.879  619.098  276.417
484.909  195.359  508.438  204.92
577.008  256.128  592.108  264.132
465.427  119.553  486.324  132.324
450.428  237.542  481.725  242.98
569.859  349.34  575.425  347.431
469.578  305.201  509.962  305.337
387.967  200.943  436.582  208.747
466.466  161.212  483.98  170.631
459.299  308.247  502.721  307.767
618.316  83.2458  607.131  98.634
301.941  396.65  379.932  380.197
325.126  387.287  407.79  371.77
468.238  306.001  510.024  305.124
605.474  366.181  604.283  363.838
446.659  306.494  492.295  304.959
576.002  185.033  585.322  198.256
590.885  52.6605  582.791  67.933
399.585  268.757  443.087  269.369
507.58  206.757  530.507  215.732
426.525  263.307  461.8  264.921
526.971  243.715  551.292  250.622
463.031  307.898  505.725  306.653
126.504  134.019  266.758  148.657
458.627  283.367  497.89  285.481
557.235  91.5612  547.425  101.967
603.993  122.133  591.316  134.306
570.61  165.075  581.568  178.922
364.836  402.051  444.267  384.927
537.77  229.246  559.958  237.811
463.289  242.971  494.554  248.571
466.103  127.535  485.94  139.578
431.753  261.084  468.68  264.171
488.913  156.993  505.143  167.886
32.5666  78.7717  201.477  101.22
468.566  93.9724  491.19  108.158
490.751  122.142  509.276  136.016
444.861  313.047  490.566  311.643
325.706  387.747  407.498  372.235
319.958  19.5502  381.495  39.9826
485.728  215.737  512.116  223.266
533.281  219.616  552.659  229.321
448.799  237.012  480.309  242.469
484.949  300.784  522.224  300.91
603.704  61.5757  594.118  77.0983
451.752  228.919  481.851  235.031
451.472  247.848  485.636  251.811
448.936  204.432  477.076  211.071
143.638  154.548  272.436  165.408
479.22  120.286  499  133.781
532.381  185.56  547.692  196.224
618.995  62.7191  608.128  79.0824
390.709  199.574  435.846  207.126
500.641  295.994  537.474  297.139
598.173  133.438  585.526  144.813
354.378  82.1915  409.512  99.5125
574.448  128.691  564.683  139.424
500.649  142.795  516.881  155.454
486.772  209.001  511.951  216.93
453.18  210.301  480.931  216.653
564.79  83.2249  556.097  94.9818
456.425  243.429  488.26  247.76
531.124  247.402  555.12  254.08
492.352  305.904  529.361  305.657
568.103  57.7531  559.384  70.4598
461.922  243.995  493.025  248.456
511.629  171.409  525.445  181.332
437.829  304.918  486.75  304.295
350.401  29.7942  410.551  51.8106
605.931  217.2  615.01  228.63
336.071  361.471  421.06  349.436
618.337  62.3192  607.527  78.6769
149.021  161.448  272.977  170.888
425.783  254.212  461.78  257.616
612.787  131.212  599.557  143.611
480.379  211.968  505.817  220.349
453.577  274.558  491.18  277.34
420.765  238.121  456.207  242.622
360.665  420.227  436.303  400.95
423.012  304.171  470.578  302.149
562.358  241.891  581.549  250.076
480.36  229.258  507.16  235.368
573.025  68.0674  564.369  81.003
575.866  178.202  585.632  191.054
503.317  205.678  526.892  215.598
363.525  298.408  416.097  295.203
321.436  386.479  402.954  371.081
465.178  139.735  484.759  150.963
500.828  133.29  517.774  146.809
29.9463  434.984  134.189  409.285
416.331  189.014  453.253  197.545
611.905  325.448  617.576  327.541
579.664  132.172  568.396  142.705
332.453  60.4545  391.197  77.7503
591.18  222.219  603.947  232.918
568.813  247.045  587.613  254.977
557.302  230.369  577.157  239.482
486.738  149.395  503.584  160.841
459.617  86.1904  480.951  100.675
564.746  84.211  555.394  95.7007
394.5  370.263  468.687  359.425
480.379  211.968  506.235  220.446
567.738  57.851  559.313  70.7088
577.676  360.619  579.114  359.186
491.86  117.386  511.182  131.985
491.297  314.683  528.933  314.443
394.542  199.024  441.978  207.291
483.087  195.18  506.983  204.821
344.402  39.0059  404.217  59.4999
435.931  262.086  473.492  265.392
578.803  54.1302  571.048  68.4621
584.499  79.1769  575.579  92.738
452.421  239.768  484.059  245.258
588.943  173.247  596.742  188.023
492.951  167.725  508.916  178.238
450.069  239.084  481.685  244.52
460.251  245.272  492.043  250.672
606.877  124.404  592.896  136.345
479.794  283.402  516.068  285.131
553.973  91.0487  544.203  101.325
112.253  150.191  250.021  161.103
472.36  173.03  488.57  181.933
587.729  55.3219  579.45  70.23
547.302  223.1  567.947  232.44
572.407  187.06  581.905  198.878
489.036  157.242  506.24  167.316
611.649  62.327  601.221  78.2792
596.367  57.805  586.953  72.9128
430.971  240.037  464.259  244.678
499.529  214.78  523.771  222.725
571.39  51.6719  563.131  65.1413
589.589  177.552  597.383  190.879
486.38  148.148  503.686  159.81
451.887  154.717  472.859  164.531
405.832  240.31  443.229  244.202
421.085  267.518  461.332  269.924
258.761  218.61  343.737  222.897
589.836  64.5705  580.954  79.1221
497.792  292.126  532.82  293.474
432.906  309.449  481.686  307.081
258.11  218.555  343.737  222.897
558.671  71.8149  549.26  83.1151
329.727  61.9435  386.99  79.548
489.201  209.913  514.081  218.945
426.669  261.084  467.698  263.233
123.019  103.802  270.451  125.003
533.306  248.76  556.262  255.209
135.003  383.41  236.201  364.611
557.718  241.117  577.661  249.164
127.063  101.738  272.621  123.114
124.821  131.755  265.898  147.818
525.935  234.97  549.981  242.495
310.197  199.631  382.918  207.072
585.918  129.172  574.486  140.284
126.468  114.424  271.285  132.6
393.386  321.101  466.073  317.337
422.299  203.09  456.934  210.507
448.703  267.736  486.175  271.071
475.19  74.1491  494.505  89.9633
458.331  86.5731  479.818  101.047
442.634  286.68  483.342  288.073
588.584  124.294  577.016  135.731
66.4402  23.5985  235.492  57.1647
477.219  168.698  494.731  178.519
622.074  126.26  608.008  139.37
529.174  215.177  547.007  224.897
474.763  147.534  493.234  157.509
524.886  242.805  548.812  249.504
595.376  59.604  586.017  74.6312
294.352  343.454  363.181  333.551
570.205  68.7903  561.142  81.3625
492.981  168.683  508.462  179.071
451.544  273.273  489.725  276.236
579.627  69.3559  570.886  82.916
472.576  119.812  493.586  133.33
566.657  57.4934  558.825  70.6225
524.349  244.76  548.101  251.219
480.994  161.134  498.051  170.327
433.666  272.72  472.263  275.066
538.707  233.688  563.691  242.113
566.612  52.0226  558.284  65.0551
451.249  262.96  488.483  265.636
439.346  207.176  466.28  212.738
423.303  254.291  458.637  257.632
491.474  238.656  517.374  244.296
482.807  158.85  500.279  168.402
441.682  263.802  478.842  267.229
514.56  157.182  527.558  169.173
140.722  153.437  269.771  164.152
450.645  246.318  484.25  251.434
406.048  219.656  445.911  225.652
460.939  245.23  492.918  249.501
455.001  242.842  488.213  247.18
349.226  225.434  407.764  230.425
523.081  242.273  547.161  248.928
356.133  78.29  410.88  96.0931
515.254  204.517  537.99  213.935
339.713  360.986  424.556  348.954
519.665  215.875  542.139  224.522
110.416  134.36  255.642  148.632
580.352  255.096  592.472  263.239
93.6187  120.421  244.976  137.955
457.175  130.891  478.604  142.709
596.955  55.5336  587.462  70.8042
578.485  91.6317  569.203  104.214
530.248  247.784  553.894  254.205
432.219  253.758  470.231  256.526
254.074  117.093  338.524  130.382
321.073  35.5852  379.994  55.0805
532.373  247.568  555.884  254.093
93.292  183.445  231.578  190.143
451.215  274.656  489.725  276.236
587.957  124.61  576.537  136.096
355.38  82.1187  410.231  99.605
547.133  119.43  536.45  128.244
563.887  238.081  582.998  246.572
578.531  121.3  567.637  132.359
572.803  70.0977  563.927  83.0113
512.25  158.765  526.832  169.584
427.776  267.054  468.322  269.886
514.56  157.182  528.5  169.467
31.2304  384.775  143.376  363.389
567.569  74.9484  558.612  87.2386
582.306  184.526  590.975  198.283
567.566  344.581  573.685  342.798
98.4746  184.015  236.419  189.567
466.657  114.956  487.52  128.322
450.645  246.318  484.405  251.495
320.882  20.6173  382.166  40.743
536.256  200.832  555.494  211.149
592.5  55.0605  583.657  70.281
500.828  133.29  517.87  146.996
565.334  57.8034  557.473  70.8587
590.459  71.5029  581.3  85.8731
466.793  359.772  507.958  353.789
557.834  233.794  577.23  242.394
113.204  147.914  251.552  160.556
588.513  125.648  577.173  137.205
124.429  104.242  272.179  124.271
565.404  83.2299  556.097  94.9818
341.476  382.419  424.661  368.794
576.08  78.5643  567.084  91.5076
563.801  64.3585  555.033  76.6966
475.476  76.6456  495.771  92.8215
451.144  239.415  482.645  244.993
137.588  394.238  238.232  375.567
483.436  98.4151  498.108  110.549
444.838  286.986  486.958  287.201
132.519  384.102  235.28  364.983
572.282  124.012  561.692  134.65
588.127  133.522  576.748  144.777
241.76  143.121  321.389  153.266
502.19  242.306  525.76  249.193
585.918  129.172  574.741  140.48
567.899  57.452  559.384  70.4598
503.72  144.03  520.335  157.153
496.113  167.575  511.546  178.325
455.389  287.13  495.509  289.005
498.831  302.644  536.82  302.779
462.604  245.879  495.69  251.619
427.516  206.243  456.382  212.872
604.514  352.094  602.613  350.797
572.639  164.681  584.633  178.74
267.648  216.703  351.362  221.636
534.898  220.901  550.949  228.861
566.746  52.837  558.34  65.9261
567.503  74.2288  558.648  86.628
557.938  121.624  545.546  130.646
575.388  186.61  584.424  198.403
399.508  374.71  470.437  363.723
562.894  166.729  574.049  179.669
363.613  19.2978  423.059  43.006
572.938  67.3636  564.265  80.5237
463.634  306.827  505.028  305.452
497.877  126.761  516.176  139.589
605.107  122.848  592.411  135.356
560.596  82.383  551.115  93.7153
494.906  207.069  517.957  216.491
532.002  247.715  555.175  254.086
568.095  183.31  577.96  195.041
609.048  82.096  597.87  96.9673
583.622  367.78  584.256  364.611
579.743  127.441  568.044  138.19
503.345  208.276  526.389  216.622
411.361  293.725  457.427  292.182
436.001  226.477  468.51  232.559
573.71  124.52  563.005  135.257
525.544  238.12  548.976  245.102
535.815  220.348  557.869  229.341
516.853  197.76  535.39  208.416
535.948  249.444  558.647  255.772
557.008  115.924  546.916  125.866
103.358  71.7312  261.215  97.1287
451.004  245.487  484.014  250.748
501.277  271.396  532.762  274.756
605.076  351.06  603.03  349.839
515.982  157.629  529.218  169.88
345.365  302.341  403.25  298.052
506.798  159.042  520.51  170.684
596.472  133.683  583.598  145.109
466.123  114.147  487.054  127.626
347.304  382.337  430.482  368.831
105.142  185.68  239.595  192.325
494.564  180.188  509.573  189.983
423.129  267.333  462.981  269.989
458.91  227.662  487.753  234.353
106.761  188.155  242.692  194.791
480.273  130.067  499.701  143.211
334.159  397.631  415.655  382.067
535.302  222.054  557.112  230.792
626.572  119.342  612.1  133.097
15.5337  28.9593  191.85  59.2556
452.162  101.607  475.591  113.937
515.901  243.906  540.465  251.516
538.929  230.022  562.415  238.45
586.234  129.171  574.741  140.48
478.561  200.479  502.482  209.673
458.038  73.7185  479.843  87.5366
565.6  57.3417  557.132  70.2578
404.533  279.381  451.995  279.068
471.812  119.484  492.846  133.148
309.607  23.4149  371.06  43.8675
135.131  383.367  236.245  364.384
96.1973  181.58  227.66  186.237
501.046  207.082  525.467  215.58
351.786  371.321  437.453  357.722
590.104  181.173  598.038  195.683
557.579  107.342  546.582  117.266
88.9911  152.673  232.091  162.462
552.962  93.8462  542.822  104.067
323.29  387.505  404.791  371.721
588.148  174.181  596.473  189.204
108.191  65.8779  263.42  93.4173
362.885  69.3129  418.981  87.4164
605.474  366.181  603.442  363.6
559.161  115.918  548.602  125.912
447.957  278.07  487.297  279.083
498.74  88.2388  518.802  104.123
413.546  272.637  457.449  273.123
570.951  69.6521  561.87  82.468
467.734  172.17  484.595  181.216
488.061  135.325  506.247  148.398
390.959  392.78  464.224  377.409
464.872  243.047  495.128  248.94
581.077  132.512  569.675  143.379
320.46  191.098  389.272  199.606
608.916  69.2563  598.595  85.0321
589.904  121.125  578.386  133.007
495.379  166.109  511.276  177.136
482.507  79.2664  501.282  95.4675
406.235  246.274  444.081  249.972
497.566  292.394  532.82  293.474
580.579  162.906  591.407  177.27
487.312  133.485  505.061  144.805
327.277  399.164  408.08  383.5
131.49  384.285  235.135  364.936
437.655  216.999  466.838  223.545
454.284  261.377  493.271  265.922
532.679  206.615  553.101  216.28
605.686  351.8  603.687  350.432
320.688  19.6055  382.06  39.6545
608.837  82.7979  597.597  97.7144
455.93  283.02  494.636  285.417
127.013  72.7008  277.695  98.0179
564.006  66.084  555.148  78.5295
508.085  211.935  532.061  221.999
145.646  135.966  277.583  149.624
406.406  391.24  469.946  377.162
582.059  55.8735  573.935  70.6151
321.073  35.5852  379.94  55.2847
532.856  241.79  557.274  248.796
564.162  111.846  553.81  122.476
560.174  107.37  549.632  117.741
451.592  323.64  497.649  321.569
565.24  64.1535  556.317  76.7368
559.05  231.953  578.65  240.649
608.866  81.6168  597.665  96.616
562.185  53.4009  553.945  66.2991
486.889  224.192  511.873  232.203
305.042  321.097  372.294  313.623
555.578  121.13  544.498  130.606
521.872  231.822  546.835  239.281
161.838  146.488  287.578  160.406
547.996  115.027  537.871  124.434
479.866  128.149  498.986  139.597
577.677  121.09  566.884  132.346
455.301  170.656  473.455  179.368
493.437  174.88  509.521  183.531
589.731  184.996  597.913  199.327
282.66  213.068  362.168  218.81
556.589  124.495  545.298  133.898
579.739  132.117  568.42  143.005
579.353  170.935  588.911  184.175
404.455  275.272  448.726  275.087
363.532  296.858  416.097  295.203
579.71  164.007  590.59  178.17
485.372  135.863  502.479  148.474
492.541  66.0332  507.905  82.5754
351.222  310.182  410.299  305.13
459.57  136.489  481.011  148.403
610.516  73.7078  600.069  89.5191
537.413  163.333  547.938  174.331
159.027  142.957  285.825  155.565
560.426  235.94  579.634  244.234
558.106  105.752  547.329  115.959
456.653  287.061  496.648  289.18
110.297  65.0291  267.688  93.5838
609.722  71.421  599.424  87.3154
589.72  128.734  577.725  140.276
558.995  117.1  548.366  127.137
100.181  187.657  237.536  192.515
480.25  241.619  509.107  246.515
434.246  313.365  481.542  310.261
457.4  161.73  477.181  169.676
556.421  91.1798  546.456  101.948
437.318  280.593  476.651  282.656
405.384  239.673  442.686  243.924
563.863  65.4446  554.994  77.9649
590.3  121.601  578.41  133.479
515.415  162.373  529.618  174.703
570.558  68.774  561.405  81.68
123.08  74.3434  274.483  101.087
564.305  122.731  553.658  133.032
493.375  100.059  511.819  115.973
457.411  133.58  478.732  145.524
576.154  122  565.581  133.255
609.505  125.101  596.04  137.816
556.878  108.606  546.143  118.699
553.238  97.0147  542.875  107.25
566.481  41.697  558.163  55.322
501.563  166.856  515.369  177.864
254.162  181.068  346.15  188.796
566.277  67.1677  557.63  79.984
602.629  115.68  589.548  128.312
553.395  92.5069  543.386  103.013
329.11  33.8201  386.358  53.8874
111.015  184.157  251.45  192.417
558.415  170.94  568.611  182.763
567.899  57.452  559.313  70.7088
566.654  40.3133  558.571  54.127
552.671  94.5514  542.505  104.9
564.824  201.203  579.202  212.036
436.559  251.484  470.488  253.948
137.425  124.563  276.445  140.522
566.561  123.511  555.841  133.972
31.2585  435.304  134.189  409.285
333.871  395.867  413.599  379.004
391.097  392.88  463.413  377.432
385.219  270.367  430.127  271.772
107.621  203.543  240.384  206.077
530.47  236.762  553.249  245.753
590.798  177.896  598.58  192.868
444.643  321.531  492.336  317.692
557.537  91.4162  547.433  102.286
604.514  352.094  603.687  350.432
573.459  124.14  563.095  135.252
485.078  221.909  512.988  228.592
571.013  55.9928  562.237  69.5217
575.776  122.343  565.047  133.563
362.057  336.659  442.66  328.287
455.296  240.83  486.949  246.804
568.165  133.657  557.305  143.917
573.356  66.3554  565.019  80.0399
335.434  361.136  420.476  348.645
493.68  169.353  510.55  178.433
575.567  122.307  564.777  133.512
559.025  70.2181  549.626  82.0604
565.525  65.3443  556.793  78.1832
127.659  162.259  256.343  172.596
563.85  39.0374  555.675  52.6388
491.268  125.264  510.233  139.691
557.342  107.01  546.582  117.266
553.225  97.1571  543.058  107.563
115.937  150.864  252.631  163.343
358.431  298.663  412.404  296.843
552.301  95.4823  542.171  105.873
366.81  323.643  435.054  319.361
618.204  125.442  603.737  138.581
114.733  139.653  257.844  154.781
64.8386  152.462  204.433  159.843
560.526  122.226  549.768  132.345
573.962  182.022  583.197  193.778
589.991  121.364  578.41  133.479
32.0656  397.002  141.587  374.157
88.4836  155.563  229.632  166.455
471.618  138.44  491.076  148.551
327.015  401.112  407.546  385.442
405.658  239.75  442.224  244.07
331.061  375.057  415.357  362.659
452.961  100.547  476.263  112.662
150.841  133.762  281.479  149.759
577.388  371.222  580.461  367.075
547.578  117.362  536.664  126.618
561.03  71.2998  552.417  83.7128
466.206  140.383  486.057  152.294
593.056  373.278  592.605  369.488
107.952  187.677  240.667  194.313
334.336  188.356  401.009  197.895
149.025  158.693  277.826  168.766
293.899  195.007  367.646  202.649
559.039  108.284  548.55  118.815
416.484  269.611  458.671  270.098
546.576  245.22  569.026  252.097
474.772  149.278  492.847  158.534
107.635  127.55  252.314  144.202
101.815  181.623  240.205  187.318
575.195  57.482  565.322  70.958
475.917  198.964  500.199  208.512
620.803  74.3756  610.952  89.2386
508.988  241.465  535.401  247.293
579.634  372.259  582.447  368.029
355.215  348.808  442.189  338.194
470.486  77.2255  490.805  93.3883
85.8965  118.44  239.547  136.651
565.621  238.535  585.297  246.684
557.016  71.5382  547.63  83.2966
115.099  150.637  252.631  163.343
171.593  127.674  295.924  144.695
116.364  143.231  255.636  155.044
525.451  360.931  530.972  356.702
97.6952  181.913  239.537  187.801
357.714  299.226  411.645  297.437
384.355  290.754  434.894  288.338
413.309  277.168  455.673  279.046
593.056  373.278  592.708  369.413
429.48  220.724  459.386  226.978
556.312  100.038  546.526  110.895
612.98  135.06  599.292  147.841
537.386  221.085  557.496  231.689
589.822  177.158  597.446  192.271
363.147  69.7732  419.553  87.5676
559.542  239.026  579.191  246.747
502.621  172.383  516.096  183.289
28.6897  448.486  131.662  420.919
367.005  387.721  445.594  372.042
146.922  140.42  281.544  153.764
562.963  57.8225  553.719  70.5801
466.466  161.212  484.752  171.587
284.626  334.663  356.923  327.199
571.43  352.749  577.53  349.763
474.452  77.5677  493.484  93.6722
257.323  231.069  341.962  234.514
577.643  183.537  586.334  195.126
71.9882  169.855  207.904  177.223
586.749  177.563  594.596  192.549
443.688  320.919  490.941  316.877
174.899  163.322  285.821  173.642
562.769  47.2984  554.604  60.859
404.894  252.039  443.232  255.658
97.9268  185.297  235.75  192.57
31.2585  435.304  135.508  408.849
139.28  376.705  240.71  358.042
447.22  205.067  475.577  213.369
582.734  255.219  596.457  264.269
455.755  163.565  475.684  173.559
467.593  93.1282  489.741  108.972
573.868  337.157  579.719  338.116
547.833  115.812  536.866  125.351
603.823  60.6364  594.16  77.0811
265.495  185.088  341.782  192.701
458.285  161.561  477.947  169.137
609.322  87.3629  597.725  99.669
512.157  299.483  545.877  299.71
397.534  370.794  455.921  359.323
571.482  353.166  577.03  350.067
532.652  358.321  538.147  354.214
456.157  266.367  492.375  268.133
101.043  370.854  196.404  355.036
455.638  105.563  479.104  117.362
385.464  108.837  434.608  125.552
580.415  162.408  591.017  176.199
564.162  111.846  553.691  122.955
471.539  209.362  493.27  217.678
553.62  340.058  561.544  337.624
605.609  133.424  592.735  146.2
571.774  321.163  579.112  320.797
368.992  98.0841  420.8  115.189
433.362  215.439  462.234  222.382
586.408  95.012  576.814  108.837
569.629  353.939  574.538  350.737
560.73  239.206  580.203  246.732
498.719  121.653  516.11  136.794
145.731  151.404  272.929  164.417
110.138  130.12  258.021  147.574
497.934  92.1801  517.916  107.062
547.385  336.147  556.726  336.613
433.828  309.659  484.34  309.29
297.757  337.05  364.19  329.984
572.106  352.099  578.24  348.965
32.7946  77.6842  201.477  101.22
25.38  432.093  130.747  405.628
339.668  40.5173  396.88  61.5572
465.219  72.5437  487.016  86.3688
300.461  116.033  372.213  128.88
562.148  47.9108  553.714  61.4774
389.793  393.46  463.428  377.309
588.358  174.814  596.014  190.296
539.13  229.64  563.307  237.545
438.559  312.379  487.368  311.848
64.8099  167.633  198.623  174.73
574.08  231.487  591.506  240.129
312.333  22.5694  372.447  40.4158
572.941  352.687  578.544  349.496
605.689  134.774  592.754  147.626
472.155  204.394  496.351  213.68
434.344  229.649  467.225  236.196
422.412  294.743  468.33  292.698
338.488  48.168  394.404  68.123
465.756  114.313  486.184  128.389
31.2585  435.304  134.314  408.722
79.1245  188.741  210.033  193.798
316.594  317.366  380.742  309.94
154.565  137.426  285.998  153.86
562.161  174.467  572.89  185.807
457.441  266.539  497.703  271.518
580.876  162.762  591.017  176.199
288.007  374.132  366.099  362.315
324.877  404.694  405.736  389.013
330.122  401.62  411.033  386.379
450.234  298.359  492.893  296.665
536.072  414.345  546.869  404.416
417.162  203.788  451.16  208.534
185.928  156.706  165.899  141.045
58.6347  83.1868  197.757  101.039
572.987  231.561  591.506  240.129
468.808  283.904  504.888  284.085
283.752  207.43  363.156  214.604
559.23  115.006  548.602  125.912
81.6583  145.156  229.133  158.716
465.363  123.078  486.994  137.109
115.099  150.637  253.828  164.117
449.714  139.295  470.468  147.497
415.901  179.529  455.112  187.001
559.23  307.95  570.71  308.07
562.154  46.2963  553.431  60.0682
461.585  126.716  479.037  135.478
131.845  380.411  233.744  364.18
442.373  124.794  474.065  136.412
454.763  286.579  494.216  289.511
400.964  242.878  436.733  247.338
588.943  173.247  596.473  189.204
527.632  365.88  533.214  360.655
467.986  147.651  487.752  156.276
138.591  374.222  240.968  355.255
257.481  135.502  339.266  149.07
164.238  154.493  286.206  164.111
403.217  378.595  470.698  364.857
29.7649  376.56  141.008  354.88
504.791  137.306  523.701  152.807
115.34  152.169  252.253  165.923
