1353
362.925  119.722  323.159  113.315
412.076  323.674  411.033  336.849
514.994  161.846  460.542  155.638
540.114  152.669  483.498  145.537
307.91  296.531  286.899  317.681
240.605  57.8379  193.408  38.3487
247.992  328.653  246.822  368.805
517.35  248.263  490.946  244.366
487.79  134.801  432.374  128.666
420.365  209.08  380.693  209.216
535.647  240.633  504.783  235.089
482.971  139.126  427.529  133.273
317.575  79.4651  268.922  68.1336
373.962  299.471  361.851  313.569
487.15  216.341  447.981  212.887
368.831  134.924  329.695  130.211
442.017  221.731  402.369  221.315
495.259  119.94  440.058  113.063
490.763  156.156  435.595  150.682
536.267  159.265  480.577  152.321
266.23  200.951  237  210.174
512.418  173.826  457.911  167.996
555.576  218.616  510.642  211.232
529.923  201.645  478.217  195.401
500.063  183.725  445.237  178.617
523.965  189.783  470.975  183.673
595.54  213.012  544.122  203.394
504.114  103.317  443.077  96.2637
511.43  190.157  457.867  184.685
523.9  178.261  469.462  172.039
468.149  187.978  416.609  184.455
243.244  112.417  200.336  104.774
521.661  146.626  466.744  139.905
537.934  160.028  481.546  153.073
492.653  174.033  438.857  168.999
350.714  56.3535  312.631  40.8124
396.419  135.635  363.831  130.037
333.095  61.3631  287.181  47.3174
505.765  183.149  451.254  177.76
239.71  59.0968  193.695  39.5714
402.827  224.983  374.749  227.816
523.493  143.659  468.494  136.831
325.81  78.5659  279.664  66.9571
250.782  118.638  209.843  112.271
237.064  130.444  194.218  126.72
586.775  204.551  535.315  195.44
536.469  159.917  480.664  152.93
546.359  210.002  501.314  202.992
317.829  66.5425  268.927  53.2547
315.148  287.529  293.974  306.475
486.451  124.884  430.224  118.503
316.278  113.331  262.581  107.602
380.43  269.903  359.379  279.32
449.283  252.312  424.036  253.828
288.794  204.985  260.251  213.299
536.478  234.678  504.204  228.951
478.989  163.243  423.25  158.475
524.81  178.808  470.408  172.581
122.528  134.277  64.0438  132.449
437.264  257.216  412.186  260.054
327.63  82.23  279.96  71.3669
521.034  133.909  465.964  126.85
483.213  245.881  453.698  244.162
524.871  255.138  501.071  250.991
501.447  158.432  447.146  152.66
505.613  102.525  444.557  95.3977
527.253  170.43  472.31  163.993
426.017  265.508  403.096  270.062
487.366  216.223  449.535  212.835
440.62  243.508  409.257  244.744
467.095  165.029  415.911  160.604
317.139  80.5855  268.385  69.3682
524.242  180.705  469.651  174.545
502.539  261.847  477.678  259.669
246.349  365.243  251.666  414.793
496.331  141.808  439.9  135.813
482.744  137.857  427.928  131.875
358.571  142.388  325.456  138.34
486.96  243.962  457.73  242.004
511.402  173.81  457.013  168.056
592.601  225.765  541.467  216.123
513.049  182.083  458.802  176.43
499.131  193.316  445.336  188.424
499.253  134.549  443.624  128.199
249.006  132.77  208.168  129.423
331.972  38.0885  284.2  20.6517
446.108  219.083  406.404  218.329
268.173  201.828  236.801  210.97
379.794  133.79  344.559  128.53
503.111  175.13  448.641  169.631
242.928  155.606  199.898  157.159
467.391  165.578  415.973  161.058
438.943  217.553  399.203  217.165
363.769  120.196  324.262  113.881
326.841  131.198  281.297  127.242
547.64  159.065  491.362  151.797
527.655  266.276  506.093  262.501
531.325  147.215  475.949  140.146
522.579  191.517  469.35  185.588
130.241  167.126  71.4674  176.035
340.84  132.037  300.366  127.598
524.31  197.233  470.708  191.17
483.207  228.943  447.888  226.405
514.069  252.956  488.497  249.421
243.014  92.9979  198.07  81.3953
537.037  123.261  480.068  115.707
387.662  236.583  358.55  241.625
504.464  281.782  492.13  280.993
468.898  153.812  416.698  148.888
487.335  134.651  431.453  128.476
502.484  162.155  448.34  156.313
326.461  118.814  281.473  112.917
518.064  144.405  463.188  137.634
280.53  139.959  236.962  137.897
486.841  134.267  431.155  128.075
588.091  208.161  536.759  198.91
514.026  282.028  497.45  280.09
301.231  204.495  274.894  212.021
508.881  226.738  476.592  222.567
483.286  245.239  453.982  243.46
415.92  268.244  393.078  273.802
606.66  215.316  554.814  205.018
601.171  216.042  549.568  206.024
461.508  170.746  411.066  166.806
530.797  202.186  479.631  196.008
326.973  118.844  281.654  113.15
521.786  187.269  468.209  181.335
288.52  202.15  260.518  210.139
508.765  188.755  455.547  183.446
514.078  181.398  459.88  175.536
443.958  218.955  403.721  218.349
524.805  178.452  470.444  172.082
512.337  191.625  459.134  186.207
502.365  233.273  470.984  229.789
524.444  191.502  471.55  185.319
506.492  102.232  445.25  95.2518
500.118  182.573  445.179  177.553
492.049  167.543  436.979  162.259
522.103  100.99  459.723  93.6952
542.374  175.501  486.575  168.389
509.146  165.018  454.978  158.982
530.149  184.75  476.063  178.431
513.651  253.199  488.103  249.668
110.982  163.325  47.2254  172.069
533.859  167.314  477.795  160.455
325.81  78.5659  278.864  67.1598
324.296  85.3964  276.239  74.9203
446.173  219.258  406.999  218.575
324.572  99.5912  277.937  91.0393
439.894  211.502  397.581  210.48
247.513  124.536  206.134  119.543
521.41  166.802  466.661  160.354
517.264  160.142  462.539  153.943
499.844  262.556  475.02  260.683
586.036  256.938  551.834  248.201
519.837  188.18  466.794  182.373
443.412  218.77  404.801  218.249
508.369  179.266  454.049  173.58
497.562  165.22  443.033  159.618
462.231  243.287  431.985  242.874
513.791  253.586  488.201  250.04
170.1  170.407  121.589  178.224
491.154  221.4  454.362  217.828
442.117  218.128  401.059  217.359
522.973  155.938  468.215  149.214
488.653  237.688  459.415  235.407
331.602  112.889  285.064  106.257
482.53  245.515  452.811  243.997
292.905  344.855  299.642  380.97
479.383  381.558  447.628  384.431
489.801  153.642  434.586  148.234
429.801  265.729  406.248  269.992
240.605  57.8379  193.989  38.3639
507.983  154.778  453.305  148.786
146.671  152.96  94.8233  156.831
525.303  199.813  472.887  193.663
600.637  216.666  549.016  206.616
511.387  173.694  457.016  168.021
533.542  184.629  479.46  178.192
433.811  270.062  409.885  273.967
470.958  123.18  415.83  117.043
507.811  139.846  452.748  133.196
331.297  78.452  283.938  66.9757
411.44  250.719  384.036  255.204
326.478  105.252  280.208  97.7635
446.445  219.751  407.162  219.107
495.747  228.473  461.847  225.22
481.659  139.555  427.141  133.85
479.03  130.058  423.07  124.132
482.213  238.81  453.113  236.758
539.522  270.152  516.973  265.287
511.129  189.643  457.825  184.303
596.499  216.586  545.16  206.743
137.353  167.3  75.8977  176.286
361.735  126.156  319.8  120.896
524.99  258.994  499.632  255.08
548.61  194.917  493.22  187.586
381.914  127.515  345.297  121.706
322.685  84.3162  273.771  74.0399
415.055  312.526  412.4  324.247
601.196  216.309  549.601  206.213
545.987  196.09  489.847  188.893
246.489  391.188  253.164  446.592
574.48  325.023  542.977  317.298
486.333  217.157  447.849  213.971
503.05  131.571  448.083  124.761
484.643  170.769  430.332  166.113
528.221  202.135  477.255  196.165
333.093  61.2396  287.181  47.3174
471.9  159.863  419.908  154.851
487.671  216.16  449.528  212.863
408  261.61  384.157  267.541
484.722  164.346  430.24  159.484
507.761  189.673  454.145  184.174
365.154  278.749  344.26  290.837
486.183  157.198  430.276  151.759
505.463  189.513  452.404  184.107
266.465  122.946  225.579  117.676
522.942  192.284  469.805  186.457
483.037  188.289  430.256  184.247
489.689  220.859  453.06  217.308
438.108  220.004  398.039  219.567
422.124  267.823  400.627  273.14
489.872  234.895  457.529  232.36
435.853  223.741  397.257  224.068
500.712  110.461  440.879  103.401
369.024  271.954  346.38  282.753
512.386  183.162  458.212  177.318
507.412  131.595  452.488  124.663
485.903  230.431  451.354  227.913
300.798  199.641  274.313  206.129
506.116  268.284  481.813  266.226
503.154  160.739  448.923  155.104
521.261  152.599  466.513  146.175
553.511  165.651  495.636  158.398
477.118  269.72  455.377  270.291
482.333  245.023  452.646  243.562
509.964  255.369  485.32  252.53
509.496  243.934  482.944  240.241
317.575  79.4651  268.714  68.3502
482.854  257.103  453.11  256.129
116.814  109.427  55.187  99.2603
529.861  181.292  475.584  175.032
367.459  273.154  345.614  283.937
110.756  133.634  47.3706  132.127
474.902  252.283  446.162  251.764
464.957  150.802  412.096  146.017
123.878  322.907  67.6608  377.732
606.4  218.343  554.583  207.898
468.631  153.836  416.546  149.038
224.062  127.668  173.87  124.25
243.968  135.13  202.164  132.541
517.646  144.853  462.857  137.977
320.063  90.8067  272.95  80.844
487.144  134.596  431.478  128.284
300.082  347.633  306.966  382.959
442.98  256.102  417.5  258.525
300.496  349.601  309.053  385.529
262.19  131.336  221.382  127.348
421.359  216.955  384.926  217.438
369.953  280.793  350.38  292.32
521.641  168.662  466.985  162.143
441.85  124.627  386.519  119.186
523.941  197.276  470.336  191.091
479.704  128.95  423.736  123.025
468.047  153.944  415.957  149.181
503.303  162.6  449.066  157.035
429.799  190.822  389.411  189.382
509.998  187.786  456.332  182.527
416.432  242.693  390.569  245.851
508.833  189.363  454.457  183.774
481.862  237.396  448.878  235.526
492.214  168.004  437.017  162.614
421.898  209.593  381.994  209.892
489.443  133.856  434.302  127.413
467.381  152.927  414.961  148.162
506.432  169.555  452.103  163.625
517.538  194.431  464.2  188.943
517.47  128.728  461.7  121.501
504.08  103.551  442.772  96.7721
324.432  116.392  278.143  110.139
446.091  199.256  399.788  197.078
516.232  147.235  461.628  140.429
414.098  257.107  391.868  262.285
262.285  207.074  232.697  217.958
464.564  150.454  412.566  145.653
509.9  187.993  456.779  182.755
529.445  265.497  509.604  261.36
606.484  216.232  554.716  205.783
340.256  85.3766  295.331  74.6526
523.53  196.822  470.336  191.091
354.263  273.447  329.699  285.38
515.213  164.767  460.772  158.381
430.957  234.228  394.023  235.65
504.66  100.974  443.77  93.6087
248.727  132.471  208.045  129.226
243.758  126.48  201.963  122.062
523.043  238.484  493.46  234.007
362.235  126.475  319.8  120.896
483.469  188.883  430.776  184.901
524.615  253.282  500.565  249.372
374.145  293.04  359.031  306.309
566.003  336.162  534.71  328.798
262.436  122.517  220.341  116.856
511.066  148.593  456.36  141.963
497.168  140.909  441.932  134.489
508.704  243.062  480.581  239.277
497.047  169.969  441.799  164.911
515.645  270.013  496.693  267.159
515.725  203.761  462.333  198.048
483.674  141.447  429.009  135.377
432.487  265.337  409.583  269.498
522.785  180.241  468.422  173.823
497.878  166.652  444.962  160.889
244.057  66.9522  199.158  49.1178
527.887  254.54  504.446  250.475
260.99  121.546  220.329  116.04
529.307  130.399  472.726  122.952
487.873  164.106  432.159  158.739
499.867  123.593  444.545  116.524
595.642  222.762  544.296  212.785
339.294  70.0694  292.707  57.3507
137.945  156.698  82.5431  162.251
507.981  269.192  483.686  267.091
513.651  253.199  488.201  250.04
240.01  57.8656  193.989  38.3639
248.937  125.702  206.064  121.252
384.93  132.95  351.54  127.566
535.326  234.392  503.575  228.44
597.096  216.832  545.809  206.844
331.794  120.563  286.966  115.218
533.842  151.039  477.258  143.821
496.02  140.244  440.835  133.811
402.985  240.839  371.822  245.133
387.137  259.674  362.039  267.355
323.758  85.1402  276.239  74.9203
145.259  166.323  93.0127  174.499
505.192  167.927  451.009  162.485
302.637  305.547  303.883  332.335
489.968  216.566  452.773  213.264
449.931  251.31  423.558  252.88
252.935  346.181  250.544  388.298
373.64  291.305  358.464  303.929
151.629  167.154  100.855  175.284
408.995  281.489  391.932  289.119
531.943  195.749  477.351  189.646
429.218  229.909  392.43  230.675
373.34  128.973  334.489  123.206
403.845  273.426  383.629  281.143
484.189  189.067  431.263  185.097
531.274  233.859  500.297  228.713
427.849  258.982  402.804  262.978
476.538  246.95  446.544  246.076
507.872  237.534  477.326  233.489
143.03  167.924  88.4083  176.21
519.972  158.482  465.344  151.75
353.197  64.6331  311.395  50.7571
425.515  240.239  394.48  242.762
243.801  205.079  411.466  221.047
565.264  337.941  533.772  330.574
490.983  156.888  436.364  151.677
534.959  158.027  478.844  150.826
513.109  182.102  458.938  176.097
504.581  183.724  449.974  178.719
498.562  175.962  444.441  171.017
468.923  198.739  417.464  195.861
109.038  203.032  42.4774  224.534
529.307  130.399  473.227  123.471
148.101  147.874  97.7943  150.2
250.284  136.494  209.976  134.116
488.507  172.067  434.33  167.429
524.775  179.048  470.351  173.082
515.679  195.9  462.827  190.003
484.007  229.982  450.409  227.715
504.254  168.466  450.013  162.505
428.056  259.051  402.907  263.054
510.617  226.138  477.334  221.428
506.331  154.696  451.716  148.313
523.275  179.165  468.599  172.663
124.724  164.652  65.66  172.752
500.901  192.003  447.243  187.359
297.561  347.69  304.931  383.715
541.961  268.381  519.584  263.756
517.47  128.874  461.691  121.559
521.339  123.826  465  116.964
540.639  170.846  485.321  163.537
400.527  248.009  372.749  253.333
506.359  186.229  452.673  181.205
535.118  159.966  479.465  152.742
487.192  166.333  431.37  161.636
516.091  142.832  461.291  135.841
237.868  350.272  229.922  395.829
329.638  81.6434  283.999  70.1689
329.517  82.5509  281.365  71.5741
285.983  339.781  294.945  376.969
344.246  92.5871  300.566  82.6842
511.778  192.266  458.873  186.47
606.779  215.75  555.124  205.202
551.335  155.099  492.721  147.389
291.096  373.748  299.07  415.697
518.254  263.802  496.1  260.896
404.95  269.609  384.507  276.921
504.544  143.422  449.489  137.437
489.763  212.404  450.772  208.99
502.03  238.789  471.32  235.129
594.002  221.789  543.077  211.847
604.25  199.717  553.895  189.495
500.303  110.29  440.197  103.107
494.408  261.487  470.056  260.238
454.993  163.055  402.455  158.648
510.756  139.426  456.32  133.121
503.256  171.079  449.064  165.191
395.185  219.482  364.769  221.919
449.504  231.481  413.635  231.572
385.208  260.827  356.534  268.605
529.161  130.597  472.76  123.063
465.9  166.395  415.013  161.674
516.831  145.918  462.116  138.952
533.313  167.54  477.795  160.455
517.003  186.48  463.262  180.324
593.131  223.199  542.073  213.275
151.424  161.295  100.711  167.742
352.131  65.4894  305.989  53.0427
424.029  267.527  401.985  272.771
534.992  166.496  479.511  159.328
397.036  135.052  364.75  129.679
497.782  161.996  443.628  156.744
512.93  182.158  458.59  176.109
496.267  139.058  441.016  132.5
510.588  189.701  457.516  184.583
588.541  210.595  537.167  201.032
533.859  167.314  478.262  160.195
505.978  151.469  451.206  144.971
247.117  133.758  205.499  130.992
305.443  330.863  313.375  362.718
240.1  130.307  197.687  126.181
250.642  119.311  209.863  112.672
505.698  153.603  451.028  147.156
290.258  204.911  262.832  212.808
519.003  171.336  464.173  165.55
421.668  204.654  382.392  204.774
517.593  129.049  461.578  121.697
502.365  233.273  470.628  230.052
559.393  218.184  512.964  210.919
428.765  259.752  403.61  263.811
524.945  143.493  469.56  136.983
502.992  100.95  441.959  93.4755
506.952  180.611  452.569  174.758
457.391  164.772  406.46  161.012
547.032  212.834  502.621  206.238
442.017  221.731  402.454  220.95
334.024  61.2206  287.258  47.6956
535.852  196.494  482.215  190.31
536.602  234.356  504.204  228.951
600.637  216.666  548.893  206.367
402.418  238.416  371.665  242.694
302.658  349.927  310.278  385.481
501.445  156.707  447.195  151.219
455.805  238.133  422.221  238.28
498.471  104.864  438.333  97.4748
503.237  185.265  450.105  180.426
416.406  284.353  402.517  292.427
530.591  201.515  479.081  194.864
498.582  140.095  443.452  133.458
377.271  264.893  351.82  273.33
532.673  167.422  477.113  160.307
419.917  303.562  412.853  312.822
440.817  253.27  414.377  255.827
500.521  187.929  448.168  183.283
494.774  125.924  439.838  118.864
523.712  241.276  493.16  236.97
519.634  119.038  463.442  111.355
439.205  212.532  399.001  212.165
479.617  376.358  447.432  379.311
262.032  121.372  221.227  116.003
353.652  55.9119  313.517  40.3829
505.821  169.914  451.391  163.827
420.701  223.887  380.529  225.424
592.417  215.498  541.068  205.625
317.872  274.125  298.824  290.651
591.987  214.257  540.658  204.418
518.9  245.21  490.367  241.437
513.56  141.983  458.767  134.938
470.802  241.957  440.149  240.533
423.775  197  384.914  195.667
584.489  202.398  532.622  193.028
396.746  315.459  394.651  330.079
349.525  110.947  310.538  103.8
414.243  262.161  388.42  267.685
262.428  200.794  233.637  210.669
251.303  359.993  249.872  406.109
180.258  54.6963  118.354  32.7094
491.732  139.771  436.582  133.272
491.809  176.942  438.659  171.561
488.255  247.689  459.553  245.337
532.091  225.882  496.877  220.542
464.639  194.179  413.128  191.483
317.922  79.0405  268.922  68.1336
299.848  199.503  273.651  206.651
326.59  129.985  281.179  126.222
438.77  219.165  398.582  218.375
513.735  254.802  489.661  251.064
469.421  247.581  439.607  247.433
534.212  160.334  478.619  153.022
564.578  366.943  533.53  359.385
240.221  58.5995  193.695  39.5714
592.761  221.327  541.758  211.35
539.303  272.307  516.649  268.093
516.501  221.385  466.171  216.615
504.052  128.684  448.878  121.493
529.668  131.145  473.038  124.411
117.706  109.483  56.0901  99.6452
363.999  109.161  325.686  100.823
316.806  80.9824  268.385  69.3682
505.468  143.851  450.154  137.087
484.707  229.86  449.633  227.65
365.007  266.113  338.389  276.642
495.043  229.013  461.361  226.138
517.529  128.993  461.647  121.545
325.798  100.154  278.696  92.3298
496.37  125.46  441.343  118.307
531.956  175.719  477.141  168.659
505.812  270.043  484.745  268.558
472.192  158.615  419.375  154.201
357.154  102.838  318.738  93.6577
421.782  209.506  382.081  210.055
412.372  267.025  390.089  273.409
443.883  235.466  413.118  236.501
480.287  182.326  427.643  178.499
375.62  309.922  368.004  325.973
113.648  154.593  51.6927  160.559
592.103  213.274  540.751  203.384
506.226  154.019  451.41  147.468
573.762  396.565  542.546  388.549
499.42  180.355  445.097  174.728
136.64  154.28  81.4803  158.35
534.993  264.537  511.185  260.429
239.854  58.5154  194.19  38.3335
534.005  157.154  478.178  149.773
252.526  369.285  253.503  417.587
485.117  155.921  429.04  150.179
215.724  122.026  162.026  117.917
498.635  138.434  443.525  131.65
406.244  270.899  386.662  278.425
248.602  333.814  245.589  375.013
234.947  214.067  201.667  227.759
396.406  315.52  395.019  329.369
611.899  352.411  584.074  341.653
487.173  257.817  458.323  256.88
515.716  253.362  490.621  250.3
506.927  245.238  480.035  242.439
600.674  182.019  549.966  171.966
499.17  111.066  439.356  103.74
486.465  216.224  448.226  213.321
412.868  242.168  385.203  246.182
543.669  198.329  489.983  190.904
523.477  188.27  470.051  182.678
302.255  338.017  309.614  371.695
478.918  239.196  446.702  237.919
516.304  95.4865  453.703  88.7475
505.737  153.314  451.281  147.708
515.569  238.33  485.59  234.593
534.59  261.971  511.316  257.881
477.93  182.423  425.483  178.737
532.922  151.289  477.258  143.821
484.918  261.389  460.327  261.047
246.063  160.008  207.182  161.738
431.959  201.053  391.439  199.472
529.536  180.147  475.494  174.189
474.142  215.762  436.053  213.592
237.494  216.757  205.956  231.85
439.571  221.049  401.138  220.286
468.967  149.519  416.463  144.843
377.807  313.058  370.112  328.172
520.087  180.547  465.749  173.994
508.304  256.668  483.3  254.302
492.64  247.267  464.517  244.523
494.074  143.168  439.535  136.598
517.593  129.049  461.647  121.545
328.39  61.8959  281.511  48.4181
472.279  179.936  420.032  176.418
443.048  211.344  400.613  209.724
462.867  159.445  410.992  154.372
537.786  236.143  504.84  230.821
519.418  181.211  464.818  174.696
312.458  103.032  269.02  94.0851
268.104  122.144  227.182  117.073
523.315  148.737  468.4  142.512
300.956  198.838  273.561  204.835
134.36  149.331  80.6347  151.696
383.358  133.237  350.122  128.169
469.94  159.38  418.383  154.035
356.789  284.632  336.907  298.77
536.504  259.114  511.427  253.682
321.919  83.7701  273.299  73.732
316.541  81.6035  268.086  69.9988
127.411  156.962  68.9801  163.292
443.815  312.064  441.627  319.73
503.096  103.962  441.214  97.5802
424.137  228.484  389.379  230.387
603.835  356.361  577.99  346.62
432.502  237.985  401.393  240.079
164.217  172.792  112.562  182.285
426.202  215.855  387.15  215.567
108.885  185.499  41.1749  202.211
461.164  120.536  405.552  113.796
379.121  313.126  371.601  329.162
489.284  129.741  433.881  122.835
441.703  256.038  414.164  258.782
430.261  260.046  404.748  264.15
428.207  229.027  392.076  230.655
211.133  164.828  170.432  169.973
249.886  117.277  208.489  111.185
132.261  331.684  76.0042  386.008
394.613  148.352  361.683  144.711
583.274  201.969  531.272  192.527
379.619  276.026  360.255  285.692
500.229  233.192  469.19  229.203
402.278  247.851  370.658  253.045
548.851  156.454  491.41  149.669
512.941  270.131  490.683  268.1
269.911  118.153  229.219  112.324
270.492  120.911  229.51  115.653
561.692  204.357  514.676  197.1
477.996  182.163  425.457  178.532
526.563  266.329  504.52  263.115
474.24  198.3  424.258  195.404
481.15  161.398  426.931  156.952
276.495  120.958  236.305  115.65
426.935  268.07  402.534  271.991
501.635  100.344  440.803  92.6453
287.881  346.058  297.03  383.152
527.928  125.877  471.745  118.015
443.566  210.03  402.918  208.259
509.523  149.102  454.924  142.189
401.672  246.14  366.047  251.049
603.277  191.938  552.848  181.587
276.754  204.438  248.108  212.968
613.469  354.104  585.563  343.262
515.314  232.69  483.743  228.834
486.603  189.193  433.442  185.43
390.868  253.236  362.211  260.077
506.64  266.852  481.881  265.083
505.915  178.765  451.034  172.711
462.01  159.465  410.842  155.507
472.15  247.813  444.366  246.534
592.483  215.002  541.058  204.944
395.952  133.283  365.143  127.886
283.899  339.777  292.716  377.632
300.764  78.6249  253.035  67.1196
545.713  174.037  487.563  167.556
283.488  369.458  291.074  412.521
529.419  255.235  505.686  251.418
494.844  127.645  439.767  120.453
267.024  119.384  225.754  113.888
522.739  108.849  461.996  102.28
529.849  143.097  474.218  135.466
263.983  202.585  232.175  212.834
502.759  226.705  469.216  222.189
240.221  58.5995  194.282  39.6354
490.852  220.588  453.91  217.743
466.678  165.049  415.56  161.204
507.811  164.523  453.4  158.019
472.279  179.936  419.702  176.53
538.057  144.335  480.591  137.825
276.835  136.17  235.422  132.609
526.15  162.652  470.071  156.745
375.779  309.815  368.004  325.973
385.009  265.341  356.528  273.851
460.347  124.965  404.626  118.391
517.393  129.339  461.555  121.723
402.257  273.131  383.203  280.169
429.684  229.497  392.807  231.106
491.272  221.19  455.326  218.376
592.401  215.488  540.996  205.393
300.454  200.461  273.651  206.651
378.98  125.977  340.615  119.383
511.154  150.498  456.462  143.521
404.493  256.581  377.802  262.681
500.095  140.421  444.288  134.829
341.869  92.4904  297.491  82.3077
306.162  330.186  313.767  362.03
504.581  183.724  451.254  177.76
270.708  122.066  231.18  116.969
496.483  126.252  441.361  118.939
437.717  257.061  412.669  260.454
506.978  99.4778  446.16  91.6177
502.931  160.498  448.92  155.319
476.568  246.347  446.898  245.831
277.65  309.015  276.973  340.546
412.232  202.28  375.615  203.066
293.29  222.022  266.977  232.302
364.526  40.6288  324.614  23.0523
517.289  100.793  456.086  92.8751
453.912  162.708  402.372  159.276
221.87  140.968  173.012  140.887
509.975  296.222  495.091  296.073
283.334  133.455  242.534  129.24
428.994  259.671  403.989  264.008
504.544  143.422  449.176  136.458
437.583  262.356  414.684  266.283
523.53  196.822  470.758  191.526
410.26  203.942  374.616  203.656
512.575  238.591  486.805  234.036
515.708  162.219  461.624  155.305
530.3  152.585  474.674  145.05
506.4  183.894  452.795  179.175
511.14  145.255  456.388  138.108
454.988  192.423  406.056  190.355
377.72  306.424  365.159  320.04
463.456  193.959  411.587  191.561
599.812  210.073  548.437  199.61
518.267  99.7995  457.684  91.7623
575.104  384.224  544.266  375.137
499.593  157.526  445.554  152.408
273.28  120.698  230.678  115.686
536.968  160.818  480.521  153.204
134.453  149.447  80.6347  151.696
469.873  201.295  421.941  197.487
317.922  79.0405  269.147  68.3527
258.274  341.257  260.58  383.288
492.298  263.907  467.716  261.896
329.148  78.4072  279.798  68.0088
482.033  139.553  426.893  133.041
263.391  136.178  223.385  132.591
462.421  194.59  410.834  192.28
245.758  100.38  203.596  89.349
453.597  163.47  403.259  160.074
151.374  160.637  100.626  167.24
534.17  158.293  478.083  150.715
510.399  143.286  455.561  136.091
495.944  177.065  443.294  171.234
398.587  245.588  367.624  251.077
482.488  226.872  444.726  223.461
233.541  61.5547  186.226  43.1759
511.558  152.571  456.816  145.571
527.802  95.583  464.732  87.5639
472.15  247.813  444.415  246.428
366.182  275.514  344.103  287.568
487.49  165.373  433.498  160.961
555.576  218.616  512.018  210.52
235.863  214.351  201.667  227.759
360.268  35.5115  320.566  16.8895
452.693  229.629  413.169  228.238
494.926  230.219  461.602  227.67
311.324  283.56  289.823  301.647
356.333  272.693  333  285.39
276.388  203.304  248.108  212.968
426.707  264.236  404.839  269.38
504.2  254.439  476.111  250.907
98.5345  160.337  29.3282  169.299
151.424  161.295  100.477  168.136
412.802  267.157  391.006  273.816
145.259  166.323  92.2468  174.994
266.319  382.278  274.328  430.358
530.781  100.284  469.043  92.1566
570.314  384.874  540.278  376.372
401.206  136.933  369.561  130.547
279.658  141.259  237.411  138.526
269.453  121.626  228.908  116.635
523.03  143.28  468.104  135.681
352.433  109.855  313.074  101.429
426.731  221.191  392.878  221.15
142.826  169.106  89.0537  178.756
327.026  69.9434  280.766  57.785
519.188  101.309  457.658  93.3276
519.302  167.102  464.342  160.118
363.772  41.1419  323.805  23.5257
507.027  238.745  476.496  234.334
253.677  135.026  213.671  131.238
151.374  160.637  100.397  167.305
476.699  256.361  447.376  254.913
128.054  165.439  69.5919  174.704
277.278  119.644  235.001  114.481
329.051  86.8383  282.212  75.8517
428.994  259.671  404.748  264.15
257.478  366.671  258.2  413.534
524.274  238.203  493.408  234.118
139.396  168.433  84.0359  178.092
331.125  280.41  310.316  295.66
304.393  329.816  312.07  362.042
143.191  163.478  89.3564  169.888
510.27  150.711  455.616  143.638
233.541  61.5547  186.44  43.1972
397.399  284  381.732  292.703
406.247  246.932  371.776  251.775
243.064  99.6674  199.364  88.5327
523.477  188.27  469.714  181.419
299.471  202.785  270.946  209.261
287.354  202.153  260.31  209.37
125.99  166.365  66.2532  176.08
464.103  194.103  412.42  191.783
575.475  396.354  543.656  388.365
464.639  194.179  413.009  191.836
474.516  258.412  451.009  259.103
528.206  131.533  472.164  123.565
503.951  260.765  480.89  259.273
268.73  202.941  237.414  211.517
241.19  154.324  197.545  154.957
283.568  369.321  291.074  412.521
475.107  247.254  445.138  247.026
575.242  324.248  544.121  317.141
504.6  145.298  449.351  138.242
402.816  234.553  371.592  238.875
500.735  169.452  446.806  164.751
514.539  256.2  490.219  252.069
218.781  210.577  188.099  226.298
532.741  242.399  504.092  237.984
564.368  340.591  532.927  332.779
484.275  171.363  430.369  167.376
399.815  263.805  376.369  271.351
481.161  232.907  447.387  231.462
488.823  128.772  433.379  121.574
354.424  56.856  314.333  41.0727
533.374  196.36  479.338  190.734
279.365  376.449  288.947  420.713
464.723  193.81  413.128  191.483
423.978  270.35  400.675  274.546
470.192  212.794  432.481  211.038
260.821  119.493  220.283  114.123
511.558  152.571  458.042  145.391
486.566  380.598  453.78  383.065
364.039  42.197  324.105  24.6594
540.289  166.199  483.801  160.032
349.934  286.598  331.778  300.593
446.699  249.498  418.731  251.686
539.593  182.468  483.228  174.814
307.931  369.754  316.459  406.441
171.422  172.511  121.303  181.847
499.807  156.363  445.74  151.367
495.831  198.047  442.739  192.642
109.917  164.326  45.7636  174.201
375.728  261.752  350.728  269.601
374.569  264.142  348.127  272.225
524.424  147.532  469.404  139.871
265.054  228.828  236.944  244.264
504.455  122.711  450.323  114.816
610.075  188.131  558.745  177.248
224.166  127.077  174.381  124.156
239.816  58.4827  194.282  39.6354
357.377  293.189  344.869  307.672
479.143  377.007  446.238  380.375
242.747  110.514  200.24  101.536
393.985  271.837  371.496  279.04
497.612  248.266  468.836  244.804
270.301  124.134  230.046  119.745
572.838  396.885  540.364  389.172
544.979  263.019  522.109  258.579
355.504  119.128  316.894  113.474
375.62  309.922  367.872  326.376
245.632  126.179  204.022  122.329
286.263  358.749  293.614  399.558
534.973  260.361  512.327  256.622
476.311  131.659  420.525  124.807
261.93  137.62  221.257  135.974
358.296  113.004  320.69  106.456
283.899  339.777  292.701  377.933
484.808  162.441  428.89  158.3
271.585  206.836  243.754  217.696
551.553  194.996  495.147  186.785
525.535  135.869  469.946  127.91
415.603  262.825  391.882  268.916
331.103  79.1584  283.938  66.9757
420.015  310.758  416.29  322.352
395.608  278.172  376.119  287.854
482.814  376.5  450.012  379.467
569.823  396.029  538.616  388.928
224.181  126.652  174.362  123.697
292.261  214.349  265.19  223.141
123.942  321.709  69.4607  375.925
384.171  256.957  356.28  265.125
374.724  275.155  353.514  286.571
407.006  257.75  376.038  261.864
502.65  162.985  448.34  156.313
488.155  166.431  434.162  162.256
512.468  240.451  483.681  237.473
295.632  147.915  269.041  146.713
280.516  206.298  251.656  214.534
123.999  160.471  66.7116  168.391
418.435  296.031  407.274  305.706
433.007  251.325  405.593  254.871
284.457  359.114  292.637  400.613
484.203  377.033  451.85  379.938
495.402  135.755  440.984  128.454
382.312  250.183  351.477  257.714
247.167  159.493  205.57  162.66
486.942  164.478  432.475  160.318
540.244  263.063  516.724  259.017
503.255  268.053  479.354  265.1
461.958  264.503  438.727  266.746
289.37  366.805  296.85  408.47
392.864  268.952  369.974  277.814
151.908  160.418  100.626  167.24
428.231  258.386  402.804  262.978
579.865  388.049  546.063  379.585
428.795  271.735  405.661  275.443
406.118  256.7  379.567  263.014
120.364  117.471  61.8317  110.719
425.087  221.434  387.359  221.186
492.075  147.639  438.357  142.732
304.082  330.185  311.393  362.69
590.731  438.804  566.839  429.895
284.455  359.076  292.637  400.613
396.772  260.033  374.719  265.816
498.992  181.17  444.863  175.055
497.884  144.374  442.76  137.283
372.353  133.725  333.387  129.815
305.748  329.828  313.222  362.03
475.366  143.6  420.563  137.092
140.239  169.518  87.3462  179.648
359.305  133.916  319.574  130.323
257.848  129.508  219.017  124.182
355.636  271.056  333.136  284.029
564.328  375.999  532.921  369.814
500.755  255.163  473.051  253.687
265.458  201.507  236.675  211.907
373.556  131.205  334.241  127.034
138.528  157.461  85.0903  163.906
531.488  151.959  475.445  144.039
359.663  265.737  332.297  277.289
376.522  312.643  366.051  326.97
506.148  100.809  445.84  92.5572
582.983  206.391  530.936  196.455
483.037  188.289  431.263  185.097
141.634  169.134  83.8521  179.263
376.255  329.839  372.305  346.976
448.079  230.785  412.536  231.652
446.197  134.837  390.308  128.686
250.955  327.787  248.03  367.872
449.754  213.047  411.225  210.644
391.816  246.262  360.725  252.71
250.074  217.061  219.904  229.599
321.375  276.414  298.966  291.839
299.462  204.638  272.061  211.157
110.741  163.249  46.0595  172.969
237.904  290.283  210.027  318.783
605.392  356.18  577.99  346.62
392.073  246.278  360.725  252.71
406.118  256.7  379.945  263.127
304.557  350.355  311.724  386.218
133.31  168.013  75.6236  178.174
491.098  120.987  432.864  115.564
528.268  232.13  499.79  227.997
603.765  229.064  553.231  219.894
457.754  147.865  403.238  141.961
300.362  204.412  273.043  210.799
392.073  246.278  360.975  252.752
538.541  263.683  515.172  259.927
311.7  271.052  288.051  286.706
524.299  144.095  469.149  136.128
257.201  119.086  216.653  113.902
313.847  286.977  292.434  307.071
495.164  242.456  462.535  240.782
540.981  93.497  476.797  84.9857
508.448  257.817  483.804  256.114
405.471  256.469  379.567  263.014
312.031  114.694  264.212  109.713
506.892  157.208  452.134  150.052
593.631  413.323  560.798  400.792
336.824  98.0237  288.614  88.5201
396.333  261.127  370.59  266.617
250.34  121.112  209.31  116.411
488.144  122.326  431.04  114.672
410.609  277.797  392.41  286.29
261.311  119.927  220.438  115.037
522.092  191.818  469.078  187.023
529.679  173.036  474.453  165.322
386.539  308.22  380.225  321.216
409.182  283.001  391.167  292.108
346.6  107.773  309.677  100.719
409.564  313.275  406.029  326.653
118.054  164.69  54.1577  174.723
600.788  192.492  550.515  181.644
442.546  186.05  396.276  184.742
240.873  58.8747  193.989  38.3639
123.802  154.385  64.1005  160.685
380.537  314.781  376.949  332.01
574.974  328.993  544.609  319.955
245.799  157.66  204.2  160.747
530.741  371.637  494.305  368.589
409.283  313.65  405.074  327.039
266.571  163.398  220.736  167.092
249.545  343.08  242.593  385.803
577.039  418.205  550.513  411.057
448.194  210.928  404.715  208.275
405.471  256.469  379.945  263.127
350.966  141.259  311.227  136.507
478.717  240.343  447.729  239.901
265.002  379.586  273.427  429.61
532.51  257.097  509.048  253.735
533.542  184.629  478.634  176.846
482.011  147.156  427.341  140.377
502.747  244.398  476.749  240.184
466.497  237.597  434.623  237.864
486.355  127.785  430.278  120.231
582.981  198.901  530.618  188.816
486.676  127.771  430.278  120.231
432.412  315.792  434.146  324.864
230.06  157.5  187.18  161.119
110.718  157.689  47.2856  163.15
434.839  247.49  405.494  250.83
248.608  135.196  207.689  133.56
582.678  424.929  555.851  416.968
393.176  268.022  369.066  276.96
515.636  164.766  461.228  157.345
532.223  371.7  494.945  368.401
490.151  182.222  435.882  178.775
353.627  133.938  312.332  130.803
244.321  355.81  236.38  401.959
479.383  381.558  447.706  385.592
397.063  134.042  365.294  129.439
251.156  157.151  210.896  159.97
105.188  186.125  42.4011  201.539
447.52  251.961  421.068  254.758
505.313  254.314  478.913  250.232
486.355  127.785  430.722  120.159
282.849  365.423  291.017  408.742
364.247  138.142  324.436  135.243
265.769  121.309  224.104  116.911
392.477  268.493  369.028  277.633
509.157  242.732  481.245  237.869
506.675  240.749  478.033  238.537
262.199  208.155  232.82  217.741
511.066  148.593  456.783  140.891
463.929  150.555  411.743  146.856
472.103  244.795  440.988  245.114
430.516  251.53  400.047  255.479
438.777  261.934  414.684  266.283
376.53  314.523  370.364  332.002
416.323  246.224  384.102  248.246
474.463  379.048  441.371  383.461
281.303  202.58  253.259  209.743
361.148  120.254  321.077  115.27
368.21  270.997  344.362  282.806
323.758  132.829  277.94  130.412
386.539  308.22  381.699  321.27
407.453  281.411  390.456  288.151
397.707  143.24  367.393  136.942
486.075  111.406  426.839  106.051
531.599  344.934  490.046  341.239
523.157  111.681  470.427  102.511
391.498  260.468  361.133  268.499
504.119  163.372  449.4  156.274
580.468  424.238  554.198  416.758
546.924  85.0286  468.755  77.6819
241.168  158.939  201.799  162.475
523.793  149.851  468.884  141.753
258.43  130.729  219.682  125.304
397.53  243.943  366.455  250.04
478.278  132.332  421.413  125.06
319.328  95.5553  271.826  85.1739
276.598  136.824  235.422  132.609
562.903  368.506  532.826  360.3
318.124  110.691  272.381  105.152
597.993  437.209  574.564  427.934
164.14  170.264  114.135  177.085
257.321  335.107  260.036  376.903
366.958  293.208  352.982  308.635
498.868  111.967  439.356  103.74
382.049  320.453  378.664  338.322
312.064  317.392  317.601  346.502
341.382  130.229  297.151  124.37
578.832  327.714  553.84  318.696
317.9  276.5  295.919  292.042
313.614  116.957  264.5  112.731
446.333  305.75  439.578  311.253
389.71  218.947  361.063  220.664
135.168  157.892  82.3899  164.925
249.168  217.837  218.854  233.086
614.518  426.865  584.547  411.798
309.346  115.867  260.362  111.491
365.772  286.671  346.191  298.052
482.22  161.419  427.371  157.833
261.611  154.707  221.118  156.937
348.406  80.9367  302.212  68.708
311.9  83.6391  263.724  71.2741
500.222  118.603  444.674  110.174
314.03  85.0154  265.513  72.9665
237.544  66.4321  189.756  50.3466
454.428  165.034  403.264  162.482
384.335  144.797  358.381  138.584
405.952  303.017  398.043  312.656
485.706  222.505  448.206  217.945
367.049  293.146  352.982  308.635
302.863  290.252  281.066  312.583
180.258  54.6963  119.055  33.6262
358.127  275.94  333.465  286.445
249.924  157.217  208.943  160.359
246.443  159.524  206.581  163.192
502.181  280.142  484.513  280.656
119.152  151.074  58.6511  156.705
387.395  315.744  382.334  332.292
525.806  135.553  470.528  126.955
336.575  272.346  312.952  284.894
439.515  252.681  412.57  256.4
147.06  149.243  94.1107  153.419
421.257  258.553  395.341  264.281
386.446  315.716  383.29  332.661
317.346  114.835  269.62  110.27
354.865  131.804  316.053  128.465
453.702  207.68  405.462  207.249
178.57  165.684  123.698  173.771
240.097  99.4923  195.614  90.6755
459.176  235.654  427.911  236.673
248.595  361.524  243.153  408.715
512.15  183.324  458.59  176.109
221.792  126.395  170.739  124.13
301.005  91.3099  253.264  79.7724
299.4  207.377  271.445  213.829
300.581  191.273  272.841  198.129
469.426  207.825  426.782  203.453
462.325  144.18  408.932  137.414
240.54  59.7924  194.26  42.1767
520.909  141.14  465.909  135.881
522.451  375.756  486.741  374.14
269.551  179.35  238.58  185.814
539.729  262.936  515.854  259.54
547.261  155.322  489.029  146.468
505.313  254.314  478.36  249.888
409.283  313.65  405.459  327.473
248.081  359.435  244.488  406.849
238.281  103.449  194.616  92.1995
262.213  209.917  232.568  219.527
326.378  128.972  281.179  126.222
410.044  278.699  391.865  287.763
468.532  243.235  437.248  244.037
436.474  308.891  429.743  318.763
379.003  252.378  346.326  260.945
249.972  157.24  208.804  160.502
577.721  427.281  552.8  420.619
312.584  59.5804  265.71  46.1882
288.129  207.902  261.286  215.223
566.116  356.272  534.489  350.637
242.388  128.673  199.519  126.229
362.069  119.896  321.077  115.27
375.892  144.165  352.081  137.775
438.393  253.576  412.079  257.592
279.177  207.544  250.886  215.413
602.423  441.127  579.017  431.491
602.579  261.505  559.381  249.452
120.258  149.978  60.7845  155.298
384.794  144.172  357.737  137.751
506.107  149.991  451.438  142.136
424.926  249.709  396.986  251.15
456.708  251.314  426.014  250.172
319.051  132.056  279.138  129.483
287.586  367.986  294.343  410.815
377.152  145.303  353.481  138.966
397.472  260.72  368.552  268.693
460.095  367.593  425.704  373.731
326.376  289.332  306.645  308.921
438.542  253.541  412.079  257.592
110.753  139.095  49.6734  137.407
546.686  182.335  488.69  176.942
443.474  313.079  441.627  319.73
481.075  174.616  428.298  171.729
487.37  116.338  431.245  107.835
456.989  176.54  406.636  174.688
603.115  441.237  579.752  431.609
476.391  378.838  443.605  383.49
320.593  274.364  297.747  288.871
260.797  118.724  220.283  114.123
467.416  376.968  433.992  382.64
434.269  126.692  380.272  122.974
217.661  145.559  159.991  148.295
529.126  150.74  474.04  142.08
519.134  102.563  457.416  93.5904
260.821  119.493  220.302  115.086
255.577  312.739  244.966  344.638
505.18  115.065  446.902  106.32
538.147  259.99  514.28  256.852
410.023  198.426  374.097  200.175
130.126  318.139  74.1835  372.203
306.748  352.661  313.139  389.076
492.86  123.557  436.493  115.149
366.958  293.208  352.961  309.063
332.322  276.064  309.551  293.01
593.864  203.469  542.751  192.218
321.557  74.7768  273.181  60.9262
230.562  215.922  200.531  232.854
612.385  390.112  572.735  378.116
263.785  153.39  220.874  155.855
253.48  137.172  212.306  136.538
310.04  361.998  317.212  399.496
579.861  194.549  526.559  184.015
292.718  328.836  299.39  363.899
524.589  350.943  482.292  348.414
327.668  130.932  280.404  125.123
232.521  226.118  199.927  244.966
596.623  439.213  572.885  430.512
254.105  137.111  212.306  136.538
338.055  132.95  292.22  130.934
601.932  440.096  578.573  430.817
538.891  93.5298  476.341  84.0827
452.755  250.983  425.302  253.892
390.293  263.202  359.097  272.097
409.314  271.888  390.579  280.702
104.946  150.571  41.7949  156.789
477.182  258.876  448.558  256.367
525.963  376.442  490.538  374.827
147.292  152.056  96.92  157.345
127.422  315.517  71.8467  369.854
396.81  153.472  366.515  147.651
530.875  165.034  477.671  156.285
504.901  188.841  453.237  185.588
363.727  115.298  322.759  110.453
550.042  179.827  492.755  174.558
209.37  126.809  160.313  124.83
419.96  242.788  387.448  247.576
553.1  410.266  527.28  407.064
136.776  145.946  82.2367  149.802
392.574  260.873  365.706  265.733
446.955  186.419  401.779  181.682
368.439  130.348  336.819  126.555
142.321  166.674  91.4705  176.793
393.468  236.605  362.512  243.068
134.744  314.94  74.3498  361.929
584.371  395.964  547.557  387.439
437.405  308.24  435.03  318.906
442.41  230.718  410.849  233.109
253.779  222.711  223.963  235.044
254.277  150.376  218.079  148.189
136.534  148.844  82.5464  153.628
265.639  120.861  225.07  117.039
128.513  328.535  73.2614  386.125
253.679  223.012  223.876  235.399
324.098  80.8252  276.815  71.7596
446.699  249.498  418.719  252.94
561.576  358.013  529.847  353.281
265.148  146.35  226.662  147.406
510.564  103.667  452.063  94.2006
388.044  293.633  374.734  307.452
397.49  145.856  366.996  143.304
269.39  140.455  234.686  140.062
577.039  428.214  554.826  422.682
271.353  382.654  277.179  431.98
499.655  146.982  444.053  138.791
583.206  197.028  528.292  186.047
273.723  209.816  245.076  217.98
364.746  151.722  344.589  145.898
400.899  235.677  369.44  241.595
551.067  179.667  492.755  174.558
253.677  135.026  213.805  129.798
396.493  242.907  365.502  249.819
469.925  187.219  416.467  185.773
473.394  263.65  448.726  261.646
277.95  211.291  249.715  219.362
561.437  369.468  530.63  364.923
377.306  309.641  374.556  327.84
253.779  136.229  213.671  131.238
253.827  222.846  223.963  235.044
371.725  321.922  374.285  343.063
595.141  256.702  560.796  249.435
313.171  284.417  291.53  305.32
596.997  389.934  558.666  380.137
509.26  104.817  447.512  100.066
350.477  267.559  322.857  281.438
541.939  239.859  510.768  231.632
316.307  114.477  268.862  110.565
231.969  142.046  187.433  143.368
463.298  168.604  409.284  162.256
356.846  130.27  314.278  127.752
380.537  314.781  376.946  333.107
499.151  227.431  468.556  221.558
503.385  225.465  465.998  223.71
255.333  134.842  213.34  134.241
530.75  141.32  475.446  131.901
538.664  261.125  512.325  253.722
265.648  358.311  271.9  404.697
379.024  276.609  364.659  285.07
236.768  339.076  224.928  383.808
490.882  170.672  434.873  163.306
493.212  281.002  476.477  283.261
243.757  203.511  212.334  217.176
356.846  130.27  313.115  127.935
393.945  236.062  363.095  242.779
610.579  395.428  571.237  384.041
422.135  240.957  392.48  245.961
579.721  423.497  554.812  417.452
231.446  225.551  199.927  244.966
253.679  223.012  223.963  235.044
316.307  114.477  268.681  110.747
372.468  137.092  336.88  129.894
269.014  382.066  275.519  432.32
591.346  389.656  553.707  380.797
209.931  144.261  151.606  147.568
542.286  270.452  521.665  263.178
615.934  435.653  592.151  425.295
561.458  358.126  529.215  353.725
438.393  253.576  411.823  258.427
505.864  223.285  467.057  221.451
555.862  180.224  498.443  175.23
310.246  310.281  313.167  339.213
478.717  240.343  446.772  241.167
301.804  277.7  279.536  299.318
376.417  309.302  369.293  327.328
597.571  389.153  559.206  379.633
438.542  253.541  412.451  258.469
242.374  290.408  213.266  316.51
511.01  126.987  456.962  117.362
289.771  214.762  262.315  222.138
609.894  395.006  570.348  383.906
136.776  145.946  82.0594  150.402
293.142  220.73  267.763  234.121
280.709  366.851  286.756  411.759
248.881  211.708  215.383  226.861
581.126  416.266  554.963  410.214
105.399  187.196  42.4011  201.539
606.49  392.863  566.825  382.244
590.867  389.791  552.927  381.19
232.521  226.118  199.183  245.739
318.898  273.789  296.034  287.451
592.059  389.572  553.707  380.797
461.399  227.017  430.433  223.145
619.342  436.066  594.158  425.298
351.372  157.221  336.846  151.714
310.602  112.667  262.157  109.087
246.152  223.965  216.126  236.53
576.374  417.311  552.014  412.239
111.081  166.535  53.9001  178.799
105.183  76.9101  39.0482  56.96
240.335  291.592  212.723  318.194
348.139  98.0312  302.848  86.5762
577.721  427.281  551.697  421.672
591.086  389.37  553.009  380.918
420.562  285.918  402.094  289.968
320.022  269.135  297.31  281.842
417.717  256.45  392.289  263.738
369.46  312.699  360.714  326.287
590.023  389.072  551.894  380.783
615.991  436.241  592.401  426.367
393.504  224.094  365.161  224.511
228.521  221.455  196.811  240.836
516.579  176.872  463.688  167.902
426.316  235.665  390.163  240.292
249.657  219.127  221.461  236.234
231.659  225.767  199.183  245.739
324.637  84.2476  281.041  70.0388
483.732  152.569  431.348  144.02
406.812  186.58  370.494  188.732
131.779  172.65  71.6973  180.282
319.835  133.639  268.675  133.562
480.391  125.467  425.128  116.054
261.939  210.633  231.991  218.932
443.01  289.104  430.852  297.688
310.067  102.299  262.709  91.1167
401.076  149.077  370.894  141.541
301.572  282.384  279.807  305.349
445.114  308.786  445.612  313.756
148.524  337.905  118.745  400.544
491.503  173.373  440.111  171.401
540.099  239.842  505.889  237.021
578.832  327.714  553.84  318.696
