1401
553.027  42.8128  493.482  21.2592
544.686  118.95  487.442  95.2223
274.364  281.109  319.76  258.073
288.335  360.064  331.747  336.025
132.043  336.631  175.446  324.54
225.505  166.01  269.827  143.42
92.5814  326.618  130.883  317.514
98.8773  289.375  140.685  277.711
131.265  348.369  174.368  336.766
541.229  60.136  481.327  38.2917
565.223  83.6188  503.948  60.8605
591.699  270.61  586.248  232.754
115.051  308.303  156.411  296.528
285.403  362.973  328.741  339.158
128.524  357.427  170.832  346.431
72.1083  279.349  109.575  269.164
577.064  59.3494  514.598  37.2882
531.699  92.6158  475.083  69.8819
210.768  329.35  258.328  310.828
73.8563  319.061  109.897  311.112
255.115  304.441  297.834  283.033
560.7  67.6575  500.728  45.3815
117.19  353.654  158.338  343.537
565.771  118.139  506.613  94.0222
511.611  118.96  457.354  95.8467
157.472  371.973  202.675  358.692
511.004  118.359  456.818  95.2896
336.874  353.257  376.605  325.727
595.19  43.0983  530.694  21.519
156.973  372.149  202.189  358.933
160.131  258.376  212.388  240.867
131.526  347.89  174.549  336.246
114.429  279.985  158.974  266.662
116.618  351.6  157.748  341.475
593.571  298.506  588.488  258.553
76.6326  328.925  112.577  321.329
160.247  376.729  205.403  363.319
112.439  318.912  154.955  307.623
103.544  273.094  146.215  260.248
340.654  176.122  380.852  150.155
262.336  164.469  315.648  139.95
187.235  172.531  239.834  150.678
543.417  118.778  486.398  95.0911
52.7808  270.972  88.5569  261.5
153.671  344.051  201.594  330.057
105.628  309.018  146.984  297.873
116.922  352.363  158.451  342.208
159.15  255.845  210.846  238.339
298.974  323.943  342.626  299.311
165.478  249.662  211.173  232.161
576.725  257.061  573.032  220.877
83.0694  304.517  120.709  295.057
97.3959  347.38  135.741  338.825
536.575  88.4754  480.025  65.7294
232.443  309.884  277.713  289.785
249.491  429.701  288.812  409.196
259.638  420.63  300.745  398.903
298.187  323.484  343.435  298.736
83.3302  290.878  122.034  280.511
589.189  68.2025  525.918  45.6909
86.1906  295.305  125.01  285.057
565.686  82.7249  505.655  59.8647
455.101  204.055  446.215  177.135
83.4282  305.401  121.115  295.971
65.9577  280.103  101.663  270.445
470.316  178.503  453.846  152.313
452.378  182.439  438.489  156.573
150.103  375.207  195.597  362.642
449.29  201.61  440.042  175.125
539.255  62.2727  482.007  40.179
484.616  185.747  469.445  158.668
104.166  279.191  147.752  266.495
577.229  65.075  515.594  42.7194
94.3905  263.077  136.711  250.226
596.213  46.3656  532.1  24.6926
249.603  172.841  299.001  149.197
72.1083  279.349  109.657  269.198
549.724  110.658  493.332  86.9567
463.585  211.969  458.243  184.207
539.552  56.2266  475.837  34.7889
525.843  71.7319  469.183  49.6423
607.391  309.056  601.223  267.408
560.212  69.9931  500.442  47.5847
81.2861  290.862  119.528  280.75
208.991  426.602  248.836  409.962
538.578  86.8838  481.981  64.2263
590.437  305.665  584.775  265.563
275.866  235.603  323.221  211.977
115.984  281.394  160.597  268.104
74.7352  285.628  112.316  275.58
546.414  58.8641  486.618  37.0404
536.568  90.6981  480.05  67.9753
74.0556  250.834  113.269  238.73
501.402  202.975  491.393  174.032
95.4184  323.393  135.036  313.745
110.45  302.458  153.627  290.604
518.088  100.918  462.944  78.2131
465.401  219.93  461.954  191.685
95.6816  353.284  132.74  345.221
566.128  117.232  505.866  93.2904
114.393  187.734  140.357  171.154
116.798  283.044  161.885  269.744
359.796  62.8789  407.799  35.6448
101.69  296.267  143.171  284.731
286.621  355.945  330.031  332.017
530.141  75.9147  473.451  53.5584
121.62  337.095  164.049  325.963
211.5  327.252  259.298  308.696
95.3548  279.017  137.241  267.102
85.5829  267.985  125.759  256.196
548.946  109.729  492.156  86.2198
283.227  320.706  325.032  297.389
461.187  167.528  444.185  142.018
485.32  270.732  505.735  237.074
107.307  347.516  147.147  338.145
95.9624  342.76  134.462  334.054
98.4379  287.809  140.197  276.17
598.791  302.92  593.081  262.286
309.081  353.094  353.133  327.293
82.428  213.348  117.435  198.767
549.485  58.2639  489.835  36.2855
541.205  46.6083  482.674  24.915
119.6  336.504  161.697  325.54
207.991  429.76  249.114  413.057
305.639  342.471  350.216  317.163
556.896  90.2481  496.71  67.4319
60.5831  427.965  86.5665  427.506
132.196  203.84  162.703  187.276
166.917  250.158  220.946  231.777
199.346  421.063  241.557  405.025
57.4439  247.525  93.2764  236.362
105.873  310.149  147.421  299.121
89.0928  286.505  128.444  275.451
550.621  68.0974  492.1  45.762
114.642  280.577  159.304  267.193
566.188  68.3916  505.514  46.138
516.128  54.8973  459.815  33.0974
65.246  434.086  91.4389  433.568
530.343  76.1093  473.628  53.7328
513.653  108.797  459.047  85.9881
347.497  161.616  386.411  135.426
481.855  174.654  465.302  148.161
491.308  179.855  474.169  152.884
87.7746  354.271  123.269  347.017
116.757  282.634  161.518  269.369
302.608  345.032  346.364  320.033
548.693  50.5781  490.396  28.7002
550.903  121.463  493.392  97.4247
65.3872  275.09  101.258  265.099
240.571  367.848  276.013  348.557
118.099  292.345  161.757  279.365
488.005  187.334  471.956  160.007
145.71  355.393  191.796  342.465
535.736  86.0207  479.325  63.4623
272.977  361.855  317.843  338.822
534.893  86.8087  478.283  64.0781
271.086  457.662  312.965  434.187
452.971  182.119  438.904  156.388
520.049  84.0015  464.655  61.5026
93.9397  265.754  136.409  253.196
338.677  157.798  382.79  131.459
94.332  316.157  133.171  306.478
515.571  94.2004  460.218  71.5553
578.845  112.044  517.957  87.8601
119.83  336.665  162.419  325.469
505.917  65.4694  448.742  43.8331
537.31  70.609  479.983  48.2873
109.9  305.832  152.748  294.235
579.39  107.717  518.306  83.6985
539.604  61.8853  482.014  39.763
152.44  352.637  198.287  339.118
79.3775  294.501  116.279  284.687
547.843  60.2244  487.893  38.4051
143.284  216.007  178.225  199.045
579.587  255.918  574.557  219.834
536.54  86.6005  479.736  64.0518
578.458  58.989  516.216  36.8013
475.793  169.427  457.547  143.262
117.376  344.476  158.84  333.872
85.6065  292.821  124.816  282.3
294.096  218.281  339.612  193.767
85.3548  363.118  120.18  356.504
284.421  265.572  330.106  241.747
540.813  58.4837  482.734  36.4545
321.837  176.95  361.177  151.825
477.32  179.925  461.441  153.436
478.557  162.393  457.873  136.5
79.3561  343.361  114.389  336.477
280.815  369.927  324.215  346.546
523.852  121.541  468.718  98.0131
304.166  168.456  354.302  142.793
579.558  298.184  574.206  259.187
284.981  360.151  328.605  336.254
337.384  353.345  376.605  325.727
253.381  290.394  297.527  268.974
300.099  235.579  347.443  210.666
67.4212  258.139  106.275  246.686
461.813  167.138  444.646  141.672
549.737  109.875  492.156  86.2198
238.768  436.354  277.784  416.779
113.244  307.171  156.094  295.198
565.437  116.998  506.594  92.7995
453.31  183.278  439.174  157.302
95.9857  266.736  138.29  253.92
87.7875  316.323  122.773  307.515
332.018  310.853  361.562  285.574
103.952  351.851  142.144  343.141
512.818  48.1858  456.009  26.5169
138.587  357.75  183.969  345.504
101.762  270.99  144.182  258.3
106.904  271.982  149.666  259.02
114.303  318.831  156.5  307.34
93.1013  301.237  132.651  290.867
68.3984  270.285  106.358  259.6
96.4577  288.379  137.557  277.004
93.2307  341.691  131.261  333.382
99.6856  288.555  141.355  276.937
110.271  276.035  156.859  262.71
91.2208  265.025  132.428  252.723
471.345  187.628  455.58  161.181
62.9465  408.627  86.6212  407.277
580.939  54.7782  518.304  32.7041
494.08  175.242  475.041  148.507
577.956  93.0649  516.905  69.8506
573.198  67.4252  511.294  44.9837
118.93  335.582  160.608  324.477
506.408  168.866  482.802  141.981
543.292  63.2419  485.341  41.2941
468.552  169.543  451.497  143.522
79.671  347.456  114.751  340.505
111.169  302.201  154.169  290.376
113.089  318.707  154.35  307.382
536.878  71.4772  479.568  49.3684
594.227  301.273  588.713  261.007
491.308  179.855  474.197  152.932
583.998  78.0555  521.814  55.3605
106.615  197.471  131.061  181.812
86.6649  350.963  123.178  343.748
497.42  158.418  471.365  132.641
552.373  42.9736  492.837  21.2877
118.43  294.873  161.901  282.222
583.152  260.459  579.671  223.483
244.724  164.923  291.964  141.606
529.935  77.0293  473.325  54.5745
236.827  429.396  275.811  410.295
94.8138  279.856  136.717  268.083
574.401  264.115  569.714  227.845
83.2947  272.222  122.935  260.919
97.3095  289.088  139.042  277.374
338.165  176.817  379.948  150.65
198.912  313.17  246.922  295.044
129.816  330.77  167.283  319.401
580.246  56.7716  517.69  34.6185
159.368  381.697  205.075  368.284
61.7123  227.341  94.989  214.917
513.347  84.5751  457.763  62.1415
143.56  261.883  193.253  245.802
123.72  338.217  166.351  326.738
107.931  302.159  150.045  290.645
94.4875  344.181  131.434  336.03
452.567  182.185  438.431  156.524
88.5635  290.094  128.013  279.474
136.236  347.763  180.757  335.752
289.816  269.556  336.862  245.249
143.353  262.238  192.854  246.204
573.595  38.3577  511.553  16.7974
529.319  31.5675  471.802  10.1049
93.124  300.07  133.184  289.319
588.038  50.542  524.087  28.8979
103.952  351.851  142.359  343.151
474.625  187.298  459.517  160.695
507.979  81.2282  453.011  58.8909
525.416  82.2137  468.976  59.6803
148.847  345.34  193.259  331.997
526.481  70.7869  469.805  48.5078
466.342  218.598  461.923  190.219
530.997  76.6386  474.123  54.4855
443.692  214.384  446.981  186.543
312.145  334.113  354.908  308.362
537.558  94.2916  481.206  71.5416
579.674  102.816  518.564  79.2356
456.095  195.573  445.89  169.131
92.7197  302.056  132.195  291.478
276.307  455.765  316.338  432.249
507.849  74.1556  451.865  52.0104
113.039  319.03  154.955  307.623
140.008  219.883  176.248  203.393
539.922  46.5771  481.299  24.8105
60.185  247.419  96.7417  236.135
461.446  176.893  445.973  151.131
584.534  78.1082  522.342  55.435
452.952  183.739  439.171  157.688
103.887  344.509  143.253  335.09
466.171  196.192  455.193  169.034
116.604  282.788  161.179  269.644
124.578  343.211  166.734  332.214
611.54  309.351  605.537  267.574
580.366  55.5258  517.909  33.3769
488.356  417.977  493.222  378.035
559.089  69.4939  498.781  47.0321
192.559  165.594  246.547  143.393
120.711  336.919  163.324  325.59
81.6653  278.08  120.923  267.265
98.2009  259.406  141.06  246.322
85.182  267.865  124.981  256.233
531.232  78.132  474.418  55.6078
112.458  354.094  153.351  344.572
107.473  338.295  147.278  328.645
243.95  388.045  284.046  368.239
594.493  44.8241  529.862  23.3861
518.695  37.2413  461.605  15.6712
199.168  313.1  247.19  294.917
231.074  271.362  273.049  251.001
104.767  283.764  147.354  271.573
535.651  69.4272  480.241  46.946
162.324  256.243  215.003  238.695
51.9501  228.265  83.4116  216.166
161.643  381.58  206.881  367.981
143.136  265.199  193.04  248.926
522.368  82.3007  466.194  59.7682
110.597  284.639  155.162  271.953
160.614  378.074  205.879  364.851
114.382  289.376  158.072  276.763
85.7208  356.619  121.162  349.534
80.6871  354.825  115.773  348.46
479.558  182.686  463.434  155.757
243.338  359.572  284.189  339.698
112.58  277.184  157.293  263.652
359.018  317.534  395.361  289.574
590.018  66.2524  526.467  43.6692
480.156  157.813  459.535  132.268
533.795  120.785  478.438  96.9556
100.816  289.05  141.681  277.157
143.669  264.62  192.701  248.37
240.304  197.514  285.702  175.325
300.67  180.358  347.739  155.469
522.443  82.3638  465.541  60.2539
104.214  336.822  144.147  326.97
104.815  340.597  143.933  331.332
534.612  59.3738  477.268  37.2544
464.421  286.808  481.589  254.016
497.362  416.678  504.171  376.056
509.325  39.7634  452.426  18.1706
287.864  315.877  330.814  291.996
112.845  276.843  157.561  263.27
90.1384  216.008  124.842  201.574
468.95  169.757  451.699  143.666
80.5902  291.466  119.316  281.136
93.6882  267.047  136.351  254.261
558.998  68.3034  499.51  46.1888
534.905  91.3953  478.145  68.844
71.3749  275.893  109.397  265.292
455.727  204.717  451.133  177.61
126.667  355.748  169.148  345.021
536.661  88.2231  480.229  65.7018
139.655  210.788  171.9  194.259
110.193  301.388  151.883  289.39
519.48  96.7547  464.114  73.872
525.872  70.7087  468.79  48.8233
108.335  299.352  151.596  287.224
572.562  56.3372  510.509  34.1886
55.4456  395.017  68.6671  394.796
116.466  205.358  148.563  189.48
113.442  187.875  139.288  171.204
364.519  310.861  400.47  282.295
338.469  347.423  377.42  319.768
92.352  297.954  132.054  287.537
202.486  314.727  252.172  296.144
322.377  316.25  360.91  290.341
301.434  310.844  341.786  286.282
93.9667  267.335  137.355  254.469
61.4282  251.038  97.6394  239.589
143.669  264.62  193.613  248.682
584.836  78.4791  522.168  55.4483
503.855  191.198  487.107  163.421
450.608  218.73  447.857  190.923
524.665  71.2559  468.318  48.9133
536.668  86.7002  479.835  64.2581
115.912  322.804  157.417  311.345
108.728  83.3228  32.0041  66.483
95.3372  343.075  133.21  334.353
153.356  370.98  198.284  357.846
503.604  68.9778  445.982  47.4588
518.112  109.455  463.182  86.2569
559.289  74.0499  499.05  51.8302
119.949  353.858  161.978  343.227
589.945  65.1486  525.945  43.0384
490.944  186.918  474.394  159.395
150.429  346.07  195.759  332.9
113.707  308.56  156.411  296.528
243.56  435.542  282.921  415.778
596.975  302.142  591.533  261.518
451.525  201.208  442.266  174.811
124.836  334.192  166.553  322.502
133.85  203.319  163.84  186.856
103.301  331.57  143.682  321.929
141.254  261.107  191.479  244.703
543.255  76.0808  485.435  53.4413
520.933  27.098  463.508  5.65086
501.209  259.472  519.879  225.359
551.585  111.957  493.365  88.1234
547.065  51.4169  488.656  29.3968
527.527  86.6363  472.381  63.7985
91.1195  269.793  132.445  257.849
115.754  310.317  158.827  298.632
93.7118  304.868  133.474  294.726
136.639  347.132  181.545  334.651
575.691  59.8269  513.886  37.4866
119.576  336.85  161.769  325.584
507.65  72.612  451.678  50.4226
509.892  41.1563  452.889  19.5069
47.1569  233.277  78.9748  221.662
100.7  82.535  22.732  65.7132
102.188  191.958  128.825  175.825
533.825  84.5104  477.129  61.7154
581.305  48.9078  518.331  26.93
457.922  174.637  441.867  149.186
90.0563  298.319  129.318  287.663
121.676  218.031  157.044  202.387
288.168  440.803  329.226  416.248
519.7  94.8645  465.662  71.8858
577.561  59.1435  515.755  36.7925
83.4436  346.204  118.416  338.799
249.869  410.514  288.097  389.913
522.418  85.957  465.771  63.3099
274.975  451.714  315.294  428.454
302.028  341.744  346.097  316.956
530.025  111.208  473.72  87.7533
489.059  174.812  470.995  148.33
90.2447  348.621  126.948  340.619
77.5497  295.305  115.113  285.43
456.477  188.456  444.385  162.428
112.221  320.134  153.929  308.759
512.961  109.687  458.356  86.5389
546.985  79.8853  488.619  57.0934
575.41  97.3854  514.734  73.6598
299.347  336.336  343.389  311.818
131.634  373.886  169.847  363.351
493.275  145.532  464.733  120.57
569.108  109.65  506.812  85.7393
202.076  315.765  249.148  297.965
280.232  276.598  325.549  253.455
199.069  313.175  247.457  295.4
510.965  31.6429  453.555  10.1209
553.093  76.4412  493.599  53.7213
518.91  98.8181  463.616  75.8345
101.977  271.286  144.548  258.726
148.644  370.413  192.606  358.24
99.9163  258.335  142.401  244.704
315.384  354.057  360.325  327.443
542.827  103.984  484.996  80.5379
382.018  95.2961  429.132  68.1037
530.995  114.207  474.693  90.6299
95.7489  329.485  133.818  320.58
518.193  43.1401  461.415  21.3668
553.004  43.7059  493.442  21.8641
529.549  112.077  473.427  88.5777
576.266  59.7512  515.184  37.3214
513.461  69.89  457.471  47.6392
121.123  337.847  160.633  326.752
509.045  46.9356  452.1  25.1689
325.274  172.051  365.455  146.88
242.146  402.609  285.281  382.702
94.9593  264.654  137.644  252.139
107.906  304.532  150.647  293.193
85.0434  363.394  120.207  356.61
132.941  376.796  177.95  366.013
241.574  443.035  280.32  423.567
507.827  47.0454  451.382  25.2475
507.902  39.9453  450.996  18.2749
509.602  75.1933  453.712  52.8823
235.235  397.256  277.489  378.095
545.489  50.8461  487.126  28.8003
586.665  306.147  580.946  266.522
518.751  50.9613  461.678  29.0565
276.321  349.71  319.971  326.406
552.285  55.9218  493.155  33.7283
205.977  417.184  248.376  400.82
466.262  187.645  452.062  161.439
523.176  64.5484  466.81  42.2879
450.76  225.619  450.793  197.86
485.525  178.142  468.205  151.677
471.724  192.261  457.859  165.675
544.785  64.1783  487.256  42.321
491.912  270.841  511.18  237.233
577.273  269.222  572.279  232.05
578.443  112.1  517.49  87.7349
518.67  50.77  461.679  28.8533
297.802  337.444  341.8  313.073
94.6202  344.037  131.434  336.03
541.746  56.1129  483.807  33.9354
453.245  183.257  439.171  157.688
499.757  192.242  483.484  164.651
59.9218  261.482  95.7332  250.736
530.418  26.4533  472.696  4.94644
290.146  318.1  334.311  294.411
472.835  189.465  460.258  162.216
277.677  418.305  320.821  394.936
583.533  64.4528  520.586  42.4613
96.1581  266.029  138.252  253.009
493.582  187.128  476.555  160.04
562.916  111.232  503.744  87.1471
524.833  71.332  468.522  48.8967
120.501  343.725  162.016  332.656
101.88  338.062  141.119  329
153.753  357.029  199.651  343.317
103.081  342.547  142.247  332.996
311.419  344.122  355.446  318.025
114.314  288.142  158.061  275.59
243.295  294.231  285.194  273.91
476.479  168.145  457.562  142.447
462.562  213.387  456.865  185.92
83.9881  354.785  119.513  348.231
521.885  83.2284  465.707  60.5633
114.585  288.324  158.385  275.761
548.938  68.9587  490.631  46.3813
153.366  371.247  198.716  358.591
104.131  342.6  143.102  333.6
83.7058  292.925  122.969  282.317
84.806  351.02  120.319  343.617
79.4539  341.634  114.413  334.868
99.828  288.45  141.53  277.004
561.276  110.817  502.361  86.7539
65.7685  280.506  101.882  271.194
303.297  319.737  345.632  294.672
251.536  350.712  292.783  330.235
112.965  319.324  154.852  307.787
172.121  50.7614  228.271  23.4499
94.5002  290.137  135.86  278.511
298.968  324.177  342.374  299.908
506.703  31.691  449.313  10.127
286.724  272.767  332.913  249.191
507.658  75.6223  452.436  53.2505
61.191  446.792  86.8308  446.899
124.785  343.672  166.734  332.214
552.19  111.74  493.675  87.8346
554.661  113.935  496.04  90.5319
143.733  223.495  183.18  206.88
125.002  332.52  167.395  321.222
576.938  49.1171  514.167  27.0842
522.305  74.0937  465.797  51.6297
287.897  362.745  331.439  339.021
288.807  366.116  332.107  342.314
524.268  51.0216  467.162  29.0352
591.818  39.7439  527.461  18.6251
508.15  77.8304  453.095  55.3955
126.869  259.22  175.105  244.241
105.732  324.117  146.374  314.049
280.399  225.588  327.71  201.393
112.439  318.912  154.35  307.382
136.266  356.245  180.827  344.67
435.04  219.143  442.947  191.668
544.13  112.272  486.525  88.4711
65.7601  269.041  102.771  258.314
163.313  244.581  217.835  226.544
521.697  50.4649  464.8  28.4904
479.813  410.794  486.15  371.775
520.004  60.8074  463.61  38.6219
467.823  416.057  474.072  378.583
589.466  49.5741  526.37  27.4184
114.666  283.412  157.507  270.738
37.7315  398.768  53.4344  399.914
107.623  305.148  150.014  293.288
201.149  318.502  247.851  300.266
454.535  195.276  444.787  169.042
580.127  75.1652  516.836  52.9101
278.518  179.996  326.128  156
120.236  196.893  149.736  180.74
127.708  236.045  166.763  220.144
524.015  85.5978  467.541  62.8365
502.429  57.3523  446.05  35.3923
53.4663  226.217  88.2182  213.467
555.068  67.331  497.231  44.6583
80.0993  276.533  118.068  265.343
135.555  366.276  177.61  355.348
620.464  313.683  614.833  271.026
301.143  354.418  344.794  329.694
59.9484  258.417  95.9294  247.418
199.168  313.1  247.457  295.4
249.283  385.568  289.341  365.453
550.338  68.9889  491.949  46.3694
493.595  262.407  512.715  229.139
498.724  406.543  500.575  367.127
105.309  335.898  143.535  326.634
486.793  270.136  507.437  236.793
519.231  118.855  464.85  95.2355
527.755  51.1502  470.701  29.1087
540.453  113.829  483.841  89.9821
455.43  166.168  438.513  140.482
115.155  264.544  157.181  250.373
124.707  332.853  168.828  321.432
585.332  68.1309  522.493  46.023
533.715  84.6219  477.129  61.7154
528.618  111.927  473.369  88.3165
601.266  252.591  594.588  215.802
513.119  47.6836  456.436  25.7894
240.488  428.013  278.533  408.872
234.439  254.043  278.222  232.86
478.467  286.667  497.736  253.27
58.1967  246.953  94.0306  235.296
77.3839  293.704  114.838  284.359
480.508  262.361  500.833  229.79
108.29  80.1556  31.6201  63.5821
520.884  73.2834  464.953  50.7867
593.299  291.914  587.871  252.839
78.8324  346.346  114.049  339.17
162.664  256.108  215.785  238.663
507.352  115.796  453.276  92.509
93.4879  280.167  134.926  268.747
233.392  170.066  278.403  147.637
281.39  254.89  327.872  231.579
93.6327  254.75  135.862  241.891
478.303  225.637  478.52  196.508
150.334  346.526  196.918  332.671
129.987  216.973  165.316  201.039
142.41  356.859  188.042  344.73
320.718  315.636  357.183  289.919
108.902  284.264  152.237  271.956
121.703  332.273  164.313  321.225
601.659  252.558  594.588  215.802
537.121  71.2305  479.568  49.3684
520.064  64.4993  463.587  42.213
298.021  324.16  342.374  299.908
140.757  379.671  184.726  367.785
477.76  171.656  460.168  145.048
60.7514  254.858  97.0789  243.526
583.339  299.195  577.644  259.643
126.869  259.22  175.682  244.232
591.818  39.7439  527.367  17.95
517.738  50.2084  461.033  28.2159
278.237  203.897  321.134  179.924
63.9801  233.491  99.353  221.417
155.022  356.164  200.763  342.279
89.413  354.524  123.901  347.712
85.0434  363.394  120.269  356.51
509.535  76.3442  453.686  53.9208
533.825  84.5104  477.313  61.5731
105.57  356.729  144.322  347.541
121.501  331.015  164.195  319.937
254.542  345.917  295.547  325.277
52.6314  402.544  67.1731  402.649
533.306  107.757  476.968  84.2038
159.144  243.503  208.652  226.142
113.541  307.998  156.506  295.773
570.991  105.11  511.395  81.0072
55.4725  393.182  67.4418  393.584
105.559  270.43  147.771  257.773
493.222  179.646  475.716  152.928
498.952  184.159  483.314  156.155
260.99  388.823  302.677  367.512
288.263  266.746  334.006  243.175
551.108  122.875  489.727  99.5376
104.733  308.55  147.563  297.693
452.105  194.95  442.835  168.835
133.719  208.092  164.552  191.965
529.35  114.022  475.781  90.175
324.798  351.386  367.34  324.955
161.013  376.899  206.535  363.786
66.6651  261.839  103.538  251.336
589.043  306.23  584.386  266.419
515.773  94.4827  460.218  71.5553
101.584  270.603  143.999  258.169
519.92  68.5815  463.848  46.1638
126.934  259.153  175.105  244.241
519.136  110.54  464.262  87.1172
217.26  457.311  258.591  440.131
498.651  194.867  487.278  166.129
513.153  69.8667  457.113  47.5036
95.9624  342.76  133.489  333.835
107.809  332.165  148.93  321.53
546.362  80.1612  488.164  57.2231
470.006  147.623  442.056  122.652
573.209  38.635  511.553  16.7974
556.599  58.7398  497.114  36.3346
361.241  317.209  397.763  289.287
89.2074  268.509  131.385  255.894
252.75  179.811  299.994  156.033
476.396  187.928  461.177  161.488
548.296  79.8952  490.708  56.8827
552.913  56.7794  493.498  34.4601
459.999  181.264  445.753  155.591
257.603  347.904  299.058  327.01
513.647  109.673  459.05  86.3618
95.3005  280.358  136.839  268.883
503.134  191.577  486.76  163.979
505.893  76.9107  451.022  54.4273
156.894  369.476  202.263  356.579
245.92  434.2  285.083  414.414
161.643  381.58  207.178  368.534
374.198  291.492  411.15  262.373
95.9213  264.677  138.094  251.48
589.52  315.069  583.513  273.948
91.8549  265.225  133.971  253.098
519.301  49.2414  462.871  27.1918
571.458  105.448  511.028  81.3445
136.964  353.034  179.472  340.793
553.346  118.824  495.615  94.5003
493.966  263.008  512.932  229.783
122.964  332.551  165.336  321.503
118.054  352.598  160.134  341.867
277.473  327.644  320.669  305.068
519.509  97.8538  464.362  74.7182
521.231  60.1731  464.874  37.895
131.879  220.048  168.932  204.097
121.123  337.847  161.585  326.506
611.54  309.351  606.17  266.922
506.008  263.927  524.09  230.007
104.46  333.456  143.741  324.122
77.5902  328.191  113.836  320.859
587.788  81.2375  525.386  58.6603
76.2937  302.591  112.931  293.12
170.259  383.666  216.548  369.004
124.709  338.229  167.877  327.185
482.622  268.006  502.673  235.163
484.095  408.071  487.654  369.865
561.342  57.0764  501.519  35.505
535.029  84.47  479.473  61.3914
586.056  268.899  581.202  231.886
563.368  46.0209  502.744  23.9481
208.362  328.046  256.194  309.231
113.244  187.578  139.06  170.674
576.116  257.967  572.424  221.308
520.518  68.2628  464.344  45.8061
525.973  117.762  472.553  93.8332
301.762  255.234  348.074  230.884
558.291  69.8065  498.781  47.0321
552.683  55.5433  493.314  33.2233
479.667  270.613  498.405  237.116
105.151  206.848  136.486  191.79
160.347  256.194  210.846  238.339
472.962  146.658  444.947  121.574
505.215  263.257  523.501  229.42
284.574  275.254  330.27  251.985
67.5745  273.623  105.175  262.901
95.8542  265.147  138.337  251.916
87.9133  329.026  125.184  320.037
577.62  94.2186  516.943  70.3752
86.3174  367.222  120.521  361.329
485.713  160.056  464.894  133.646
481.535  186.391  465.634  158.996
117.74  204.746  150.15  188.998
520.281  67.9652  464.16  45.4979
357.967  46.3616  404.943  19.462
513.588  110.513  459.005  87.1323
116.386  288.111  160.127  275.583
510.157  89.2746  454.88  66.4714
553.422  59.8762  494.107  38.3117
531.205  47.1959  474.24  25.0845
479.559  410.939  486.15  371.775
62.8206  247.411  100.994  236.142
463.634  219.338  460.608  191.557
167.947  254.48  218.855  236.1
288.435  408.753  330.129  384.812
108.469  200.966  137.298  185.669
482.577  174.029  465.156  147.058
136.435  352.009  182.578  340.255
515.5  47.0702  458.831  25.0492
136.651  350.798  180.746  338.288
581.605  53.8084  518.85  31.43
162.179  261.449  215.111  243.42
102.979  263.794  145.892  250.969
105.577  308.536  146.463  297.91
90.9397  268.93  133.653  257.056
102.105  335.682  140.504  326.763
289.587  326.345  333.988  302.81
292.39  269.404  338.273  245.676
512.553  109.814  457.732  86.467
278.521  245.537  324.653  222.488
104.95  287.234  147.649  275.487
612.958  314.233  607.017  272.28
509.309  73.8138  453.379  51.3353
589.131  309.453  583.745  268.622
527.576  85.286  471.468  62.2983
133.354  361.003  178.45  348.947
535.652  52.3001  478.053  30.0589
576.31  99.6892  515.574  75.6385
153.412  354.813  198.838  340.938
517.371  73.5741  460.956  51.0169
143.382  344.453  188.034  331.146
589.995  67.418  526.355  44.5023
552.373  42.9736  493.442  21.8641
475.008  193.151  461.713  165.575
216.685  425.227  260.358  406.931
496.965  417.54  503.156  377.271
79.146  277.043  117.615  265.733
509.721  87.6428  454.294  64.8546
134.649  222.88  169.46  207.219
481.1  261.721  501.159  229.312
194.452  180.308  247.718  158.957
496.425  269.438  515.133  235.866
109.089  257.679  153.023  244.149
116.757  282.634  161.885  269.744
117.26  338.384  159.4  327.095
552.397  55.5187  493.034  33.1407
475.316  188.893  461.177  161.488
109.669  312.966  151.601  301.196
188.566  232.326  238.036  213.272
107.162  260.308  149.501  246.174
574.644  100.795  514.277  76.6985
236.54  327.819  277.962  307.54
109.271  92.3617  25.567  76.5218
509.639  88.3785  454.41  65.5514
582.873  262.157  578.043  225.857
103.654  351.49  142.144  343.141
50.7297  230.097  83.1766  217.772
100.874  190.987  123.586  174.898
441.741  220.292  440.662  193.449
79.7948  347.472  114.781  341.161
588.849  66.4369  524.756  43.5774
110.858  359.793  152.515  350.869
527.492  89.535  471.31  66.417
123.589  327.09  163.822  316.115
171.532  247.134  221.2  229.405
529.967  104.308  474.666  80.6996
576.975  98.2598  515.456  74.2649
560.571  109.76  501.462  85.5549
97.2759  265.787  139.807  252.423
480.005  288.019  500.02  254.566
546.398  111.045  490.964  86.8614
508.167  77.2217  452.485  54.6313
93.6149  261.859  136.17  249.535
539.729  113.378  483.353  89.3521
121.877  333.494  165.336  321.503
263.161  255.71  310.921  232.413
233.277  194.726  277.822  173.161
323.643  314.405  357.605  288.574
496.554  269.807  515.411  236.236
114.72  307.406  157.478  294.937
233.68  179.335  278.275  157.361
233.387  351.124  273.435  332.447
94.8153  325.565  132.71  316.835
484.78  187.354  468.317  159.748
226.913  205.16  270.288  184.216
592.491  274.38  587.482  236.714
354.936  305.641  391.213  278.566
167.325  241.694  216.588  224.054
545.94  80.2404  488.619  57.0934
152.329  338.685  200.756  325.159
518.452  119.11  464.85  95.2355
613.436  305.188  607.891  262.82
250.954  359.043  294.379  337.528
75.996  285.803  114.569  276.197
109.639  282.121  155.742  268.493
512.19  259.072  528.457  224.219
92.7835  343.168  129.548  335.525
243.492  215.162  287.981  193.647
167.48  387.433  212.509  374.203
548.875  69.6509  490.534  46.8096
62.4402  226.403  96.4852  214.228
68.0906  280.027  104.834  269.624
118.188  315.022  161.267  303.695
114.368  340.18  155.823  330.302
152.645  352.71  198.738  339.813
87.7746  354.271  124.239  346.43
196.268  420.494  239.416  404.145
284.993  216.561  330.809  193.098
107.283  86.3246  30.4285  69.4172
266.579  161.428  316.686  137.563
500.148  160.163  474.288  133.522
69.7897  447.77  96.9878  446.587
580.822  298.097  575.445  258.557
97.0013  264.242  139.57  250.761
150.609  345.056  197.355  332.047
571.079  109.328  510.923  84.9092
158.694  249.194  202.436  231.659
551.718  110.259  493.209  86.1529
58.9939  226.525  93.6324  214.477
101.502  331.801  140.661  322.784
141.021  217.481  176.663  200.144
237.231  349.26  279.135  328.946
292.039  355.711  335.356  332.001
291.699  411.409  333.582  387.221
122.066  377.698  166.633  367.054
544.734  56.2193  484.739  33.8535
588.901  312.523  583.398  271.398
561.925  45.9497  501.433  24.8937
257.169  356.79  307.703  333.949
518.867  65.873  462.736  43.3221
141.536  269.611  191.127  253.223
143.318  374.212  186.509  361.819
136.434  345.861  180.914  334.221
71.1399  286.204  109.378  275.805
243.809  296.361  286.082  276.28
575.246  101.866  514.505  77.6497
291.06  226.914  338.054  203.153
487.185  176.884  470.967  149.419
138.345  218.382  171.996  202.548
158.64  341.356  205.478  327.643
506.44  76.5442  450.709  53.9299
541.61  111.345  484.14  87.3522
489.681  418.419  496.215  378.887
552.73  55.7937  493.243  33.3103
244.816  343.738  284.504  324.22
525.713  89.7633  469.176  66.6137
499.492  267.814  518.131  234.239
583.941  259.034  580.653  222.815
31.7076  226.762  60.224  215.265
85.7031  295.309  124.735  284.433
244.775  230.912  290.384  208.373
80.3305  455.627  109.866  453.332
134.832  351.592  179.13  339.085
136.239  346.357  181.058  333.516
231.341  257.602  274.5  236.448
484.853  282.957  504.024  249.574
497.84  416.93  504.133  376.72
81.544  344.483  116.671  336.762
157.049  256.165  209.551  239.342
530.979  48.4281  473.695  26.1576
286.246  323.174  329.916  300.114
495.064  283.782  513.229  249.792
171.453  252.812  222.37  234.031
484.656  268.57  504.371  235.804
299.378  337.455  343.407  313.286
530.405  177.4  510.77  149.678
93.7624  303.264  133.388  292.195
599.113  252.216  593.246  215.79
159.468  266.726  211.806  248.919
302.083  158.524  345.297  134.13
228.253  206.362  271.487  185.496
162.169  383.74  205.471  369.91
242.423  296.163  284.384  276.245
161.018  376.651  206.535  363.786
163.411  274.978  215.437  257.243
156.478  346.408  203.027  331.797
454.062  172.539  438.172  147.662
87.4788  366.411  122.518  359.214
288.586  418.856  330.359  394.925
59.7382  256.258  96.1846  244.782
358.336  305.984  394.366  278.788
103.8  333.464  142.807  324.428
530.459  113.71  473.522  89.8346
192.824  170.093  245.8  148.601
614.134  312.625  607.997  270.892
152.44  352.637  198.738  339.813
98.1791  330.436  137.004  320.411
533.106  68.9372  475.108  46.21
236.721  281.011  273.508  260.495
109.226  328.373  150.654  317.187
576.637  270.095  571.799  233.835
261.894  168.544  311.491  145.086
250.417  355.963  290.743  336.028
207.22  391.329  251.175  374.851
566.188  68.3916  505.259  45.4254
100.7  82.535  23.0841  66.5798
519.867  63.0949  462.636  40.5929
283.875  241.264  330.362  218.056
124.091  317.59  167.84  305.994
156.066  370.537  202.263  356.579
82.9066  316.828  120.113  307.371
115.35  268.707  157.55  254.386
139.776  264.313  189.698  249.033
117.893  364.516  158.204  355.495
275.39  162.145  327.486  137.953
84.4762  321.331  121.321  313.354
480.861  140.042  452.067  116.018
104.397  352.591  142.144  343.141
244.208  298.192  285.681  278.259
115.546  287.75  158.061  275.59
91.2909  371.166  125.296  363.944
528.393  88.5068  472.295  65.2358
79.752  342.016  114.753  335.604
79.4513  345.613  114.623  339.382
111.227  202.167  141.77  186.907
92.9932  304.722  133.482  293.641
488.151  419.115  494.579  379.79
228.313  255.901  272.608  234.703
292.918  215.908  336.756  192.362
479.544  141.429  450.876  117.42
536.474  49.1166  479.057  26.7268
475.116  411.869  481.719  374.224
157.472  371.973  202.154  358.078
159.724  242.085  215.52  223.017
87.3572  330.112  122.995  321.144
283.634  281.763  328.833  258.855
480.059  139.96  451.341  115.978
110.535  299.117  153.423  287.763
160.253  244.594  215.41  227.017
127.157  372.886  165.956  362.196
181.813  228.189  231.096  209.534
95.2684  290.023  136.987  277.927
148.558  263.963  198.343  248.23
206.054  329.74  253.216  310.922
31.1938  225.923  62.1161  214.075
223.417  452.459  265.768  433.423
116.114  340.261  158.48  328.9
101.166  331.728  139.954  322.892
527.678  89.9392  471.712  66.6066
277.986  237.846  323.633  215.039
480.746  139.677  451.945  115.714
115.575  337.085  157.786  327.069
236.368  210.049  282.417  187.341
285.68  164.083  334.229  139.929
300.741  254.061  347.126  230.044
98.8286  225.629  131.465  210.678
200.699  320.245  247.807  301.642
95.0807  284.283  136.99  273.301
591.199  271.147  586.598  233.921
181.512  51.9527  240.515  24.9485
94.7454  316.152  134.201  305.564
118.312  365.343  158.302  354.963
132.876  228.226  172.974  212.674
498.789  185.043  481.472  158.262
525.643  70.8104  469.257  47.9463
82.64  304.179  119.966  294.001
91.0495  300.667  130.429  289.559
496.045  293.707  515.076  259.201
100.528  262.398  143.454  249.908
121.703  332.273  165.336  321.503
104.803  89.7  27.2509  72.9879
220.562  212.684  267.758  192.071
76.9641  332.223  112.27  324.079
98.7876  277.427  141.44  265.833
582.75  263.699  578.103  226.043
578.821  56.9288  517.289  34.1143
270.181  272.588  314.549  250.616
53.4041  396.347  67.4116  395.74
100.336  326.772  140.115  317.724
482.038  139.881  453.289  115.91
104.982  86.1489  27.2657  69.1115
292.447  260.655  338.947  237.139
252.656  163.2  298.399  140.337
160.247  376.729  206.448  363.978
184.484  236.488  234.076  218.016
502.834  418.178  509.299  377.532
108.393  326.41  147.694  316.837
476.126  168.67  457.06  141.919
220.929  188.872  264.421  166.411
112.021  308.571  154.733  296.097
535.243  46.8629  477.56  24.4581
271.584  266.044  318.854  242.152
286.545  327.97  329.726  305.083
79.8378  365.736  114.202  359.065
28.2895  230.947  61.6646  220.87
358.547  53.7288  406.215  27.1782
590.274  68.8175  526.874  45.5299
159.874  365.247  205.542  352.355
360.56  315.752  397.279  288.281
590.018  66.2524  526.204  43.0839
107.123  325.03  148.245  313.74
58.22  399.667  72.7327  398.698
470.448  198.871  459.342  170.833
78.0163  454.459  105.72  452.393
246.664  282.969  288.909  262.781
106.585  199.355  134.487  184.46
588.587  309.39  583.06  269.908
113.666  198.355  143.013  183.021
251.45  291.978  293.124  271.642
482.068  404.254  488.507  366.512
285.158  420.487  326.86  397.053
36.0194  402.263  51.9789  403.239
98.7847  288.194  140.641  277.289
179.602  50.8901  238.528  23.9274
111.708  194.302  140.454  178.855
291.089  457.593  331.873  433.032
480.291  406.42  486.785  368.728
301.021  330.601  344.947  306.583
584.621  426.638  588.147  377.548
240.206  278.071  282.284  258.259
83.2196  316.787  120.522  308.785
109.217  284.945  152.667  271.454
569.958  260.34  566.612  225.141
111.767  306.461  154.943  293.805
325.992  298.626  359.723  274.186
477.483  135.553  449.133  111.861
588.371  271.702  583.575  234.759
104.726  343.822  143.228  335.409
590.195  308.34  587.105  266.908
583.724  266.841  578.781  230.536
136.164  354.77  179.906  342.08
285.833  223.271  332.286  200.038
545.682  82.5226  487.971  59.0447
478.398  145.487  450.44  119.847
294.206  217.333  339.612  193.767
301.248  338.066  345.647  313.939
497.225  268.609  515.91  235.384
493.101  188.277  480.986  159.603
93.4236  359.349  128.217  351.176
513.005  89.4529  456.583  66.2736
506.326  86.1324  451.734  64.7149
98.329  274.78  140.448  261.524
467.563  221.239  465.388  193.538
450.461  201.355  442.187  175.567
475.198  410.788  481.86  373.379
235.307  447.877  275.015  429.514
110.029  337.796  152.425  326.613
79.4337  453.973  106.686  451.719
474.884  189.052  461.287  162.984
576.819  283.337  572.207  246.422
138.957  261.998  188.945  246.884
589.945  65.1486  526.467  43.6692
553.004  43.7059  492.837  21.2877
477.743  296.153  496.536  262.968
220.562  212.684  268.132  192.184
571.477  110.631  510.988  85.8609
84.7995  320.36  121.902  310.727
574.994  269.324  570.354  233.444
164.359  376.998  210.651  362.235
580.939  54.7782  518.362  31.929
238.945  396.958  283.303  376.036
282.912  246.583  328.771  223.754
481.36  290.999  500.901  257.742
561.484  109.829  501.873  85.2557
243.549  153.689  282.678  129.72
286.605  271.563  335.261  246.536
86.2626  329.068  122.784  319.81
226.722  199.097  270.254  178.36
282.401  285.278  330.905  260.532
222.934  225.397  270.71  203.284
255.85  164.775  302.342  141.945
593.299  291.914  588.805  253.315
234.65  346.097  276.365  325.649
174.221  247.922  223.883  228.65
595.007  303.87  590.282  264.34
586.898  270.753  582.211  234.052
109.669  285.833  153.405  272.225
464.689  218.931  461.729  191.58
72.2697  462.394  102.34  460.791
215.367  332.491  262.143  314.702
236.519  198.262  280.566  177.106
30.7274  400.43  46.0612  401.716
327.453  300.543  362.124  276.008
157.695  373.073  202.189  358.933
464.19  259.048  480.13  228.625
252.869  151.627  286.622  127.708
112.221  320.134  154.249  309.943
78.4079  344.149  113.166  336.331
496.47  215.081  491.682  186.485
105.55  86.2525  27.8367  69.0035
84.6777  267.164  125.622  254.266
79.3259  363.6  113.665  356.675
268.15  346.407  312.723  324.922
358.845  305.445  394.979  278.562
121.591  327.555  162.788  315.133
498.263  186.749  483.59  157.988
229.365  221.228  274.78  198.848
525.657  84.5499  471.015  60.9914
591.644  40.7334  526.243  20.3319
499.154  420.916  505.435  380.728
216.501  333.084  262.325  315.384
584.019  427.861  588.003  378.867
177.366  50.1708  236.19  23.3664
201.614  323.301  248.063  304.457
84.6528  369.398  119.788  362.176
198.45  280.093  247.098  262.398
95.0768  328.05  132.927  319.908
528.254  89.3003  472.535  65.6317
208.343  311.639  256.449  293.992
75.8949  351.797  112.534  346.334
102.229  104.345  25.5284  88.6367
153.779  343.023  201.594  330.057
483.367  170.008  465.413  142.591
193.681  166.737  247.419  145.426
325.185  195.517  363.616  171.323
288.089  209.179  333.872  185.989
260.325  298.896  302.431  278.214
80.1657  308.661  117.579  300.652
102.726  343.545  144.433  335.143
472.079  407.348  478.944  370.584
311.512  331.536  353.667  305.027
96.01  256.278  139.883  243.928
92.3548  331.674  133.662  321.452
79.1341  274.288  117.922  264.338
94.1502  317.787  131.832  309.289
345.679  294.262  380.953  268.634
453.617  204.393  443.273  176.63
585.104  420.734  589.97  372.169
484.806  287.812  504.45  254.627
276.314  228.688  321.771  206.281
162.169  383.74  206.922  369.297
320.739  91.9032  369.435  66.333
84.6774  323.838  121.628  314.211
108.728  83.3228  31.6454  65.635
466.776  219.407  463.966  192.078
289.298  390.49  331.797  367.246
86.2069  275.455  125.848  262.934
589.075  305.471  583.772  266.488
56.8939  399.857  71.4142  398.711
205.631  318.34  253.358  298.905
496.2  194.953  481.977  168.059
203.436  315.859  251.373  298.721
291.453  215.544  336.756  192.362
487.198  418.868  491.34  380.355
601.347  251.767  594.588  215.802
64.5366  407.486  92.0009  404.51
257.85  240.443  301.556  219.279
116.143  268.506  160.136  255.74
139.722  365.463  180.313  355.123
308.525  327.223  350.346  300.951
270.192  231.089  315.233  209.089
512.602  60.6437  456.585  37.7158
285.41  223.321  331.271  200.446
103.546  352.687  142.17  345.012
95.9213  264.677  138.252  253.009
480.284  404.859  486.656  367.602
126.976  373.952  164.995  362.93
480.531  229.128  481.508  198.174
157.24  371.002  202.263  356.579
471.046  284.575  487.34  250.549
299.561  166.346  348.724  142.19
265.211  374.791  308.554  351.424
110.665  314.346  152.739  301.85
584.346  422.442  589.052  373.972
201.776  331.319  245.575  312.681
76.5173  453.79  105.579  451.274
483.727  406.61  490.182  368.976
125.797  326.834  168.687  316.118
42.0053  397.054  56.929  396.914
80.6871  354.825  115.911  349.493
308.292  321.235  348.283  297.585
47.6979  406.108  66.5658  405.477
312.976  164.198  359.252  139.867
232.188  254.914  277.199  232.86
96.2685  285.545  138.805  275.016
108.587  303.436  151.395  292.969
167.771  388.191  219.865  372.336
171.23  246.428  221.2  229.405
74.6937  211.795  108.135  196.37
67.7015  281.64  103.593  270.734
286.685  162.64  331.437  139.287
92.6974  268.164  134.203  254.537
234.586  255.572  279.896  233.343
103.793  259.489  154.52  243.936
101.792  263.076  145.892  250.969
249.363  262.182  291.299  242.08
568.208  108.892  508.821  83.805
156.121  334.715  203.252  321.662
276.55  303.596  316.63  282.281
159.736  49.435  216.833  22.9306
271.032  354.64  314.06  333.374
339.617  187.374  373.698  160.642
160.878  377.289  206.672  362.477
107.121  202.31  139.658  187.679
120.809  329.295  161.668  316.713
232.859  223.288  275.071  203.384
228.407  220.501  274.609  197.749
99.9241  80.3923  22.1825  64.9165
593.902  299.714  588.713  261.007
289.41  216.82  335.835  193.861
185.821  45.7176  244.77  19.0014
92.3249  368.405  124.862  360.478
222.388  375.381  262.739  355.872
102.241  321.355  142.21  312.496
207.135  393.255  250.319  377.574
236.254  342.178  278.627  321.088
154.23  369.159  200.046  357.363
575.224  265.995  568.362  230.97
228.359  376.444  269.196  356.368
151.757  339.42  199.179  326.864
240.539  274.554  281.984  252.564
450.992  177.628  436.357  153.375
504.106  420.715  507.462  378.031
291.84  415.706  334.651  389.379
244.199  179.146  285.988  157.862
59.3087  447.952  85.441  447.179
37.2052  402.801  53.8109  403.066
104.938  86.9308  27.1941  69.3279
497.534  420.35  503.215  380.828
304.625  318.841  347.814  295.313
471.604  268.099  493.495  236.742
596.606  304.377  589.824  262.575
361.463  308.612  396.352  279.213
214.398  382.731  258.556  366.292
105.906  204.431  138.122  190.105
229.089  310.47  272.282  292.275
228.253  206.362  270.766  186.351
266.531  155.839  297.258  131.407
38.3986  401.595  54.5682  401.685
230.555  449.286  274.003  431.516
277.049  211.088  321.554  188.924
164.427  49.2371  221.423  22.9066
505.384  423.222  513.096  382.544
139.914  350.48  182.019  336.928
283.655  336.281  327.067  314.238
292.273  363.709  336.405  337.763
479.141  278.374  496.475  243.676
146.595  335.524  194.184  323.351
288.706  392.449  335.593  369.12
365.068  307.654  401.508  277.78
208.365  388.863  251.197  373.23
583.223  425.97  587.612  377.648
248.468  252.287  290.259  232.34
203.424  329.917  249.625  310.592
51.7618  402.547  65.8742  401.64
168.441  258.195  270.177  237.104
326.1  332.634  364.59  304.931
368.364  293.822  402.646  267.236
297.296  161.341  345.655  137.604
143.064  266.517  197.182  251.604
242.22  331.149  282.432  309.567
299.347  336.336  343.318  313.104
300.44  257.8  346.709  234.634
206.916  201.936  251.08  179.574
211.35  390.428  255.71  374.423
538.346  173.397  514.696  146.783
153.779  343.023  201.5  330.589
300.455  236.661  345.667  210.473
291.912  154.366  337.57  130.972
330.841  301.815  372.132  276.986
485.525  178.142  467.993  152.982
265.83  156.165  298.256  131.463
300.606  171.342  348.258  147.729
612.179  308.696  604.917  268.479
52.0412  403.776  66.8544  402.73
105.479  303.129  143.457  293.695
300.786  168.91  348.434  145.28
313.476  305.052  354.054  281.491
271.173  183.073  317.317  160.795
542.212  76.8684  484.262  56.0722
172.165  245.544  222.061  228.824
575.134  286.794  569.749  247.338
587.394  271.66  581.829  232.391
203.714  321.277  251.206  304.788
302.22  163.426  350.375  139.695
293.033  212.281  339.076  189.491
306.229  164.074  355.952  140.117
249.477  154.007  287.544  129.197
38.3986  401.595  53.1902  401.581
226.938  159.761  270.814  138.66
474.505  412.351  482.539  375.583
300.038  322.615  346.672  295.924
591.918  402.517  597.602  351.883
171.532  247.134  220.555  230.684
299.067  297.251  342.786  274.531
85.6831  321.215  122.459  310.745
545.682  82.5226  488.024  58.1362
496.22  223.687  493.945  195.335
538.081  171.739  513.943  145.453
290.476  382.482  333.304  356.328
368.588  250.056  409.776  220.291
504.277  429.311  511.218  388.772
154.921  341.776  201.688  325.974
157.695  373.073  202.154  358.078
85.1181  366.131  119.951  357.962
91.9124  302.269  129.875  293.875
257.194  310.669  304.433  286.866
99.1699  340.769  140.548  329.659
74.8848  356.03  109.352  348.213
168.063  44.4473  226.033  18.202
300.154  252.744  346.401  229.927
53.4729  433.147  73.3898  432.541
245.669  430.831  280.263  413.118
135.218  355.806  179.906  342.08
60.0737  430.08  84.3931  428.153
113.077  281.052  156.011  269.929
315.696  90.7582  368.776  65.7763
585.591  423.106  589.69  375.246
168.474  241.742  221.573  221.226
295.508  163.584  343.318  140.395
511.436  153.929  483.138  129.789
430.325  241.769  436.329  215.772
274.797  425.345  316.629  400.063
567.977  77.8231  510.233  52.9974
591.93  401.891  597.658  351.033
460.142  264.915  474.422  235.716
538.081  171.739  514.193  145.697
266.115  417.416  301.734  397.804
200.76  321.534  247.807  301.642
347.794  314.027  372.631  285.917
572.531  262.46  567.105  224.309
506.12  210.704  497.42  183.222
297.536  162.318  345.046  139.189
575.382  291.683  572.052  255.38
297.986  307.443  341.853  285.066
339.86  347.708  381.773  317.727
574.195  279.389  568.597  240.008
592.856  399.612  599.038  348.672
173.95  259.582  223.204  239.522
101  255.827  144.376  244.324
297.884  293.986  342.228  271.711
227.725  383.126  268.836  362.278
468.859  135.358  440.031  113.287
50.7778  404.654  65.9161  403.16
446.963  295.25  463.04  261.44
297.521  250.047  343.77  227.689
211.359  393.143  255.144  377.871
155.315  339.913  201.915  323.632
302.788  246.274  346.938  219.425
145.302  228.463  183.011  209.621
155.49  337.091  203.18  325.046
608.228  289.061  603.466  250.962
527.856  168.453  504.306  143.13
464.881  173.469  446.168  150.019
468.475  220.496  466.398  194.161
85.9059  364.769  119.824  360.665
208.88  449.789  247.945  435.671
479.141  278.374  496.055  242.873
290.76  305.162  334.212  283.59
61.4847  263.689  98.3399  250.862
166.841  242.586  220.594  221.713
306.069  438.02  342.392  409.663
102.792  334.122  141.634  326.922
293.178  298.333  337.095  276.599
517.053  142.124  482.319  114.378
146.796  358.517  187.569  343.89
193.273  256.505  241.539  235.161
538.93  173.759  514.506  148.001
78.5546  334.668  114.078  324.87
77.7039  358.956  111.705  350.568
321.21  364.778  366.405  335.348
203.488  317.008  250.419  296.486
77.7039  358.956  111.705  350.568
