1906
158.214  167.161  94.4753  169.745
206.481  288.718  185.883  282.585
250.206  330.726  229.449  322.133
436.093  408.526  396.176  386.916
184.521  44.6866  88.1766  44.7642
257.312  206.786  225.726  199.725
337.526  144.805  305.527  134.797
565.601  195.482  491.315  181.135
203.415  314.25  182.813  308.974
229.514  365.149  209.917  358.641
182.811  127.055  107.011  129.298
235.453  307.647  215.965  299.423
229.074  351.68  209.25  344.974
230.347  350.592  210.339  343.83
338.381  429.389  315.123  413.019
182.828  61.4132  88.539  62.3537
230.427  342.272  210.498  335.288
194.091  220.232  168.948  214.563
198.899  222.768  173.941  216.89
236.984  312.893  216.554  304.972
221.863  307.836  201.571  300.927
224.547  284.349  203.977  276.91
199.618  296.651  179.101  291.139
188.623  53.837  94.7556  54.2736
229.567  330.386  208.923  323.493
194.449  48.9258  101.205  49.0527
521.833  362.582  466.602  337.248
250.159  282.822  229.206  273.683
563.944  217.622  493.061  200.962
295.116  370.818  273.414  358.734
230.718  363.216  210.779  356.697
197.562  245.397  174.44  239.583
196.698  292.807  176.147  287.397
222.228  343.378  202.31  337.098
246.541  365.649  226.5  357.736
484.511  215.902  428.158  201.492
496.729  195.231  439.217  181.193
531.257  185.981  459.908  174.019
547.14  59.189  449.564  58.7415
583.822  185.89  508.169  170.981
211.624  38.2387  119.782  37.7874
100.758  101.492  16.4643  103.535
563.506  75.6143  464.503  74.2474
210.324  304.649  189.979  298.523
234.766  210.439  203.764  204.334
199.707  297.644  179.306  292.104
337.886  299.108  310.59  285.133
183.197  58.9146  88.196  59.8005
175.47  73.8991  80.4913  75.7381
253.442  338.373  231.662  330.03
425.715  125.932  379.869  116.115
246.616  308.002  226.007  299.301
262.167  371.031  242.457  361.501
384.538  415.987  355.061  396.436
257.374  337.972  236.45  328.899
525.979  183.041  459.129  170.232
289.235  343.73  267.248  332.203
161.446  216.587  130.365  213.737
274.208  363.771  253.548  353.318
200.563  228.636  175.086  222.922
504.173  207.21  444.322  192.751
239.798  206.908  209.195  200.373
571.516  226.203  501.323  208.03
169.268  89.7823  74.4977  92.7727
227.051  213.61  197.384  207.561
471.178  186.409  413.983  174.559
447.02  290.355  404.042  271.775
232.857  323.221  212.626  315.779
287.619  252.899  265.194  241.556
255.849  222.051  229.29  213.824
119.615  438.135  90.1327  449.353
476.999  196.601  419.85  183.84
265.68  348.9  246.105  338.657
250.612  294.946  229.973  285.836
252.013  331.677  231.669  322.751
431.43  126.574  383.818  116.874
472.432  185.952  414.948  174.125
151.2  168.173  83.9193  171.686
291.915  357.277  269.896  345.524
364.064  180.327  331.263  168.425
564.752  80.4534  466.382  78.711
175.77  158.282  108.282  160.851
480.373  207.524  423.76  193.872
208.444  304.122  189.244  297.776
292.225  362.951  270.313  351.235
205.334  59.5407  117.562  59.7552
544.71  67.7247  450.779  66.3189
178.489  47.5844  82.1729  47.8123
189.171  308.363  166.845  304.492
114.552  443.38  84.3064  455.841
301.343  241.685  275.67  230.426
272.271  369.495  251.358  359.401
232.288  343.155  212.781  335.817
203.375  48.6365  111.073  48.7665
437.952  290.649  397.009  272.204
211.006  302.193  190.437  296.012
284.683  338.892  263.255  327.571
229.358  265.753  208.322  257.888
248.196  220.674  221.999  212.75
244.821  210.566  215.786  203.493
219.655  194.307  187.427  188.814
202.965  380.518  183.958  376.621
281.322  250.724  259.829  239.443
223.138  352.266  203.362  346.037
420.871  297.417  380.925  280.172
253.472  291.231  231.506  282.341
144.197  433.048  114.367  441.813
181.183  260.908  161.356  255.323
180.547  222.634  154.282  217.863
384.015  412.352  353.253  393.483
237.893  292.422  217.268  284.234
480.539  207.356  423.958  193.674
199.185  297.506  178.998  291.893
348.664  410.698  322.13  394.523
179.838  73.3622  85.0119  75.1395
236.002  312.999  215.611  305.098
290.536  328.543  268.903  316.708
273.538  369.026  253.166  358.663
222.443  226.246  196.372  219.564
530.138  375.856  475.704  348.316
563.012  310.949  498.568  286.546
539.95  77.4174  443.086  76.2148
236.441  313.044  216.132  305.187
192.547  225.179  167.545  219.597
397.104  313.141  362.4  296.031
228.105  346.072  207.542  339.67
230.311  267.4  209.521  259.43
225.957  48.2506  135.518  48.3809
245.697  354.944  225.874  346.745
218.153  307.038  197.91  300.434
207.909  329.82  187.783  324.511
534.677  338.229  475.186  314.053
221.35  358.206  201.514  352.417
209.964  286.368  189.335  279.904
207.477  387.855  188.363  383.928
216.132  278.966  195.09  272.191
562.254  311.369  497.677  286.996
175.252  74.3413  80.2537  76.1749
559.304  68.5304  461.381  67.4494
165.769  91.5248  72.0733  94.3899
249.719  346.471  229.744  337.811
220.852  337.951  200.808  331.657
283.406  253.047  261.04  241.885
245.924  203.396  214.593  196.701
234.96  302.111  214.255  294.208
206.251  215.458  180.16  209.454
399.738  207.254  362.242  193.598
220.577  353.728  200.701  347.911
206.673  361.417  187.018  356.95
248.634  225.73  223.006  217.683
165.703  89.8726  70.5677  92.9469
222.643  283.334  200.442  276.475
231.01  364.011  211.563  357.338
170.5  230.391  143.882  226.497
287.628  292.535  265.43  281.097
201.547  363.997  182.633  359.635
193.763  82.6595  102.573  84.727
239.965  334.982  219.95  327.124
291.671  355.85  269.557  344.256
566.413  81.6271  467.773  79.8586
269.351  348.928  249.17  338.681
568.78  275.432  506.146  251.411
206.297  366.251  187.61  361.444
204.455  38.9716  111.758  38.6129
567.996  65.6823  468.903  64.5858
292.918  367.151  271.57  355.186
194.34  219.769  168.786  214.25
164.662  126.204  89.2206  128.418
208.978  334.962  188.827  329.589
337.603  301.425  310.33  287.355
213.057  50.8488  122.139  51.0701
195.801  210.103  166.823  205.195
267.784  198.105  234.732  190.951
248.634  225.73  222.898  217.724
236.228  312.789  215.746  304.878
242.898  295.372  222.649  286.752
128.843  139.206  50.2026  143.199
236.147  273.997  215.601  265.675
543.432  73.2804  446.976  72.1846
244.936  205.821  214.302  199.146
553.839  76.039  456.826  74.622
289.789  371.991  268.448  360.243
274.125  356.14  252.196  346.078
201.674  315.921  181.537  310.577
389.681  298.373  356.741  281.514
229.598  352.282  209.718  345.65
244.381  272.316  223.5  263.534
400.042  30.9149  353.618  25.9932
234.933  302.54  214.525  294.682
285.83  336.936  263.881  325.737
266.029  367.176  245.924  357.466
200.212  362.066  180.332  358.288
478.968  207.741  422.501  194.102
348.009  411.812  320.592  396.123
175.147  237.469  151.009  232.755
529.177  337.623  470.467  313.86
171.386  122.995  93.5503  125.535
319.728  234.169  294.811  221.483
575.536  281.445  510.604  257.15
231.214  343.384  211.143  336.489
233.506  300.433  213.025  292.677
237.788  204.955  208.503  198.244
206.703  286.155  186.505  279.734
494.882  182.773  435.422  169.977
564.424  217.22  493.483  200.632
214.57  48.5803  123.642  48.7016
223.597  284.626  202.507  277.505
424.438  142.171  381.621  130.942
215.984  303.46  195.434  297.072
613.165  323.363  539.416  295.129
230.141  356.652  209.478  350.395
241.234  227.118  217.318  219.012
283.228  368.69  261.784  357.635
552.044  79.2831  454.497  77.7314
615.782  306.276  544.756  277.633
255.084  342.667  234.912  333.686
224.86  323.439  205.025  316.381
553.648  79.5897  456.566  78.049
127.331  140.265  47.8255  144.501
432.729  415.068  394.506  392.869
355.821  126.523  322.084  116.797
171.025  242.028  148.636  237.142
167.875  160.819  101.107  163.406
220.74  37.5448  129.9  37.1325
203.007  315.988  182.781  310.749
263.845  188.229  230.115  181.377
294.876  365.601  273.374  353.506
504.308  199.833  443.263  185.986
161.919  91.3867  66.7692  94.4167
217.6  356.703  197.711  351.074
306.807  228.775  281.462  217.296
207.845  284.919  187.377  278.474
598.39  317.567  526.699  290.942
291.232  362.273  269.514  350.63
232.183  294.004  211.37  286.177
174.436  73.8796  79.1628  75.6778
247.895  332.301  227.059  323.868
231.882  356.457  212.023  349.533
198.576  224.311  172.811  218.788
247.317  283.946  226.767  274.991
424.874  128.246  377.249  118.694
262.3  197.216  230.809  189.731
344.602  368.353  319.37  352.172
203.836  358.841  184.112  354.404
556.487  219.443  486.8  202.869
197.129  223.811  171.171  218.399
180.203  215.471  152.714  210.787
181.705  267.591  161.812  262.323
186.614  234.656  159.539  230.322
230.237  259.087  209.453  250.853
508.283  201.766  448.814  186.988
207.683  387.748  188.363  383.928
200.735  296.892  180.831  291.012
203.09  227.894  177.773  222.123
256.306  222.413  230.174  214.114
549.992  77.0677  453.422  75.4683
234.445  208.477  205.387  201.92
403.626  297.527  368.235  280.209
547.789  58.555  450.317  57.9882
207.651  285.143  186.893  279.006
290.956  331.955  269.324  320.145
304.625  32.9798  278.757  25.4392
228.877  350.369  209.007  343.569
484.683  209.637  428.179  195.652
231.103  268.212  210.297  260.255
248.399  320.777  228.348  312.031
146.045  431.338  115.815  439.939
386.339  407.169  355.425  388.041
187.083  232.409  161.506  227.58
395.489  364.153  362.219  345.721
210.909  289.354  190.047  283.134
264.245  364.069  243.962  354.595
250.36  275.811  229.705  266.607
236.488  272.28  215.894  263.962
543.341  73.4788  446.976  72.1846
476.704  197.439  419.755  184.528
621.636  302.269  549.864  273.402
283.119  352.291  261.394  341.187
247.879  339.792  229.922  330.571
220.364  307.11  200.192  300.373
182.606  267.571  161.812  262.323
215.518  37.4878  124.054  36.8844
208.212  317.515  188.29  311.839
272.156  336.732  250.852  326.358
390.933  228.677  353.66  214.908
291.24  345.545  269.331  333.664
281.322  250.724  259.602  239.45
221.461  339.508  201.287  333.197
500.316  199.51  441.106  185.615
369.479  137.901  331.875  128.205
215.641  274.708  194.625  267.928
289.704  370.544  268.866  358.772
201.649  222.726  176.559  216.863
239.031  275.29  218.183  266.702
183.905  228.972  158.874  224.054
615.167  65.6366  509.416  64.5226
230.078  343.013  210.257  336.145
178.336  121.072  101.982  123.209
582.247  185.059  506.34  170.323
385.999  410.088  355.392  391.062
262.926  218.683  236.054  210.007
230.333  268.953  209.473  260.855
284.997  249.458  262.022  238.33
249.209  201.404  218.139  194.412
397.49  275.305  361.338  259.644
487.973  210.16  431.001  196.053
207.968  230.016  183.782  223.521
490.271  202.445  432.731  188.446
288.483  362.61  266.477  351.405
208.965  349.007  188.829  344.222
435.046  126.692  386.472  116.963
150.626  419.415  119.022  427.677
191.541  274.497  170.81  269.125
132.65  453.538  108.284  462.19
229.044  350.586  209.228  343.986
494.052  209.791  436.432  195.17
222.517  349.961  203.601  343.567
204.197  286.133  184.957  279.767
227.103  268.898  206.334  261.219
131.676  454.34  107.57  463.017
164.899  89.8435  70.5296  92.857
384.038  304.347  350.703  288.295
231.076  342.818  210.504  336.163
286.949  362.344  265.402  351.11
247.852  342.747  228.097  334.298
219.482  306.501  199.168  299.887
270.903  336.726  250.168  326.489
283.067  338.582  261.013  327.483
534.023  172.584  465.218  160.219
543.152  298.417  479.154  277.184
245.877  347.638  225.671  339.364
207.414  330.659  187.155  325.538
223.438  340.313  203.158  333.874
174.849  72.8528  79.2395  74.5876
215.533  353.844  195.786  348.221
414.702  268.164  374.51  252.318
251.095  315.913  229.797  307.367
558.303  68.1344  460.345  66.922
114.719  123.177  32.5356  126.546
239.448  359.022  219.718  351.64
603.675  336.696  532.97  307.562
192.798  266.644  172.472  260.614
205.969  215.133  179.929  209.195
234.696  294.592  214.161  286.725
177.466  45.7914  80.9424  45.9975
437.946  420.532  397.832  398.386
476.675  196.472  419.595  183.615
231.539  340.081  211.537  333.116
239.262  258.523  218.543  249.938
204.888  374.703  185.427  370.814
552.714  54.5037  454.855  54.3054
250.44  351.027  230.285  342.65
250.517  275.765  230.241  266.178
333.085  409.609  307.811  394.742
270.067  343.521  249.483  333.384
555.081  77.5542  458.088  75.8171
235.927  273.307  215.33  265.076
225.302  273.911  204.723  266.383
554.783  215.757  483.738  200.277
187.083  232.409  160.734  227.832
207.611  205.741  178.239  200.139
185.007  234.222  159.739  229.207
238.19  275.281  217.465  266.967
572.659  338.465  508.02  311.358
228.174  217.094  199.858  210.799
105.893  439.001  73.9594  452.451
253.449  350.835  232.729  342.112
490.962  334.543  434.802  314.844
594.22  320.3  523.056  294.136
249.385  349.683  228.834  341.247
206.298  370.846  187.132  366.593
185.598  74.8602  93.1229  76.6371
222.421  340.029  202.282  333.899
540.232  174.06  469.711  161.653
238.634  290.692  218  282.528
222.788  306.061  202.553  299.186
185.93  76.3383  93.6425  78.1939
218.573  275.16  198.653  267.584
214.172  277.955  193.218  271.051
586.745  219.958  512.223  202.321
255.223  374.533  235.717  365.85
564.744  82.1026  466.274  80.1245
389.518  376.828  356.645  358.516
222.644  227.59  195.069  221.244
507.559  216.662  448.788  201.221
490.202  203.058  433.232  189.126
227.103  268.898  207.64  260.831
188.506  67.6499  94.6425  68.8633
228.157  217.106  199.479  210.921
181.183  260.908  160.39  255.508
417.807  308.913  381.719  290.018
218.806  266.9  198.448  259.612
207.648  331.146  187.41  326.037
492.755  201.982  436.333  187.726
268.456  347.906  248.277  337.501
400.772  385.658  368.252  365.906
372.732  237.415  341.181  222.902
178.137  52.5963  83.3351  53.1018
203.954  385.301  184.983  381.34
500.396  286.768  444.704  267.738
245.816  284.846  225.254  275.757
329.997  155.118  296.637  145.355
122.737  446.581  95.8726  456.803
128.35  428.136  98.5597  437.876
238.944  262.372  218.538  253.45
604.453  294.272  533.279  267.913
258.276  356.264  237.87  347.363
477.722  197.535  420.547  184.558
248.93  283.221  228.274  273.92
249.726  340.849  230.814  331.908
231.278  202.048  201.984  195.666
241.703  327.664  221.493  319.704
306.31  242.46  283.039  230.315
214.617  267.453  195.206  260.144
547.588  59.6071  450.321  59.2215
237.186  209.912  208.596  203.188
242.926  290.483  222.461  281.966
231.942  267.754  211.121  259.473
239.248  224.224  214.68  216.127
282.829  252.26  261.075  241.17
475.601  198.115  418.241  185.325
186.828  80.2631  95.1587  81.9927
476.704  197.439  420.547  184.558
568.174  194.576  493.483  180.021
538.146  174.082  468.273  161.611
547.345  60.0159  450.108  59.6167
207.495  330.433  187.348  325.299
192.487  206.524  162.395  202.042
477.597  316.523  422.182  298.68
414.793  150.716  377.056  138.602
170.2  90.0379  76.044  92.7637
252.938  334.323  232.694  325.528
201.695  378.151  182.316  374.312
125.971  133.02  45.9676  137.045
537.309  73.3212  441.427  72.0456
310.844  236.274  287.776  223.842
236.369  296.504  215.915  288.558
189.107  53.5866  95.2593  53.8469
239.989  359.718  219.661  352.588
549.207  66.7339  451.772  66.04
341.691  121.862  313.712  111.63
366.781  274.145  333.433  259.945
244.876  338.817  224.654  330.799
220.539  310.032  200.405  303.403
188.868  282.049  168.06  277.126
258.678  186.519  225.755  179.4
294.441  366.345  273.248  353.887
170.051  229.716  145.13  225.474
219.809  306.731  199.712  300.076
244.428  288.136  224.075  279.091
621.055  72.0348  513.636  70.7205
245.075  287.506  224.073  278.626
229.746  354.218  209.727  347.783
183.234  47.8141  88.008  48.1331
242.592  217.361  215.314  210.128
206.846  366.795  188.065  362.254
205.863  382.48  186.456  378.399
294.876  365.601  273.123  353.712
558.727  67.797  460.115  67.0228
557.046  78.3913  459.752  76.5677
479.805  208.101  423.389  194.254
215.92  277.46  194.869  270.803
163.381  88.1318  67.696  91.266
274.327  347.144  253.417  336.821
227.188  295.474  206.572  287.867
205.668  226.927  180.51  221.058
222.37  341.914  202.412  335.421
170.27  243.759  148.509  239.059
491.739  198.439  434.164  184.449
529.73  183.183  461.129  170.451
201.685  379.953  182.659  376.012
245.456  343.782  225.566  335.683
405.543  212.379  368.467  198.272
393.236  321.019  358.385  304.373
231.531  47.211  140.724  47.1466
401.351  28.3236  354.809  23.6387
611.367  69.5048  505.636  67.9844
204.373  368.151  185.317  363.994
262.751  353.055  242.053  343.428
250.246  355.546  229.985  346.965
334.496  154.792  306.283  143.985
582.027  187.36  506.251  172.764
287.992  184.035  252.255  176.739
534.965  307.735  471.37  287.025
239.518  359.278  219.786  351.962
498.943  212.549  440.151  198.101
279.825  252.592  257.955  241.771
184.616  74.2075  92.5189  75.9327
258.223  176.458  226.268  169.426
123.269  144.255  44.6677  148.556
556.723  219.424  486.248  203.005
606.893  295.436  536.117  268.848
167.875  160.819  101.971  163.114
404.948  268.195  368.539  252.208
387.946  409.301  357.512  390.014
239.707  283.341  219.079  274.648
251.557  288.412  231.404  278.76
532.435  190.121  463.786  177.224
377.578  389.045  345.464  371.729
228.456  201.283  197.706  195.026
250.282  345.428  230.355  336.948
212.439  353.976  192.852  348.489
234.928  259.766  214.705  251.376
220.5  339.997  199.935  333.832
533.496  327.927  473.884  304.708
278.35  351.264  256.923  340.397
206.901  329.482  186.658  324.021
128.873  134.107  49.0169  137.805
169.891  214.112  140.652  210.147
172.827  124.576  95.1302  126.905
184.903  273.207  164.329  267.817
234.306  206.731  206.473  199.529
384.931  133.356  346.06  123.569
265.797  366.696  246.007  357.005
560.848  221.115  489.629  204.455
244.754  339.069  224.436  331.134
181.147  261  160.332  255.555
260.607  268.383  240.819  258.239
533.4  190.423  464.733  177.449
251.789  222.361  225.98  213.899
570.549  297.533  504.592  273.252
227.052  295.41  206.662  288.138
437.569  347.347  398.179  326.427
216.392  373.537  197.867  368.248
580.785  194.653  506.555  179.197
245.977  276.857  225.739  267.507
542.704  173.847  471.152  161.509
278.13  248.512  255.292  237.695
223.874  342.012  203.615  335.481
266.967  198.665  234.247  191.608
286.669  261.931  264.218  250.389
169.893  88.1652  75.2187  91.2075
336.703  291.959  309.408  277.921
559.385  69.8472  461.459  68.4337
612.303  70.3915  506.518  68.7715
247.195  284.075  226.816  274.755
270.119  341.899  249.626  331.787
389.287  396.03  356.566  377.849
506.703  281.756  451.514  262.076
196.781  204.972  166.997  200.255
193.065  270.285  173.372  264.042
255.018  221.878  228.497  213.432
118.513  213.493  58.659  218.946
148.649  447.78  119.653  456.983
247.577  209.553  218.56  202.513
575.395  324.782  510.257  298.348
225.345  271.702  208.669  262.512
578.728  279.292  513.898  254.995
264.297  190.539  230.376  183.867
582.603  192.035  508.049  176.709
291.298  333.27  269.807  321.507
231.687  272.627  210.983  264.33
269.243  357.043  248.765  347.19
244.059  285.131  223.564  276.078
221.04  46.9249  129.087  47.2877
389.559  187.087  351.233  175.238
249.129  339.757  229.299  331.279
542.236  71.6339  445.647  70.3695
225.852  46.8229  134.95  47.1026
542.643  76.7628  446.319  75.2261
217.142  50.7589  126.749  51.1032
259.487  372.93  240.75  363.548
618.045  307.332  546.811  278.523
176.246  74.5174  80.9722  76.2396
208.318  285.512  187.993  278.86
248.832  356.217  229.273  347.458
305.564  230.165  281.961  218.368
557.693  69.5324  460.012  68.5776
189.172  286.463  168.737  281.106
251  337.958  231.017  329.35
117.586  140.716  38.1324  144.903
105.731  439.143  73.9594  452.451
570.913  76.3531  471.802  74.4839
130.871  175  65.7838  178.667
576.131  323.669  510.902  297.245
274.125  356.14  252.185  345.915
480.124  207.035  423.552  193.207
208.569  288.736  188.031  282.685
231.037  266.72  210.061  258.46
295.483  372.496  273.746  360.639
562.017  310.837  497.596  286.262
353.032  127.192  317.655  118.04
189.114  370.786  170.565  367.904
413.975  277.313  378.872  259.273
273.26  205.318  239.317  197.877
603.48  278.014  531.365  253.715
498.174  213.461  441.686  198.313
484.24  210.111  428.179  195.652
530.575  341.819  471.26  317.798
240.086  42.9399  150.387  43.034
249.492  309.355  227.462  300.73
559.673  84.0811  462.193  82.3695
235.314  312.342  215.231  304.673
262.982  374.301  244.408  364.528
292.021  333.576  270.156  321.911
364.536  440.898  336.114  423.254
553.058  282.089  487.626  260.653
626.147  66.6029  518.478  65.5514
487.224  176.691  427.5  164.629
121.427  211.815  61.5627  217.05
273.786  191.476  239.342  184.548
618.248  364.863  549.601  330.254
231.838  340.239  211.622  333.448
234.607  319.796  214.817  311.706
295.244  372.914  273.71  361.009
231.926  196.024  200.369  190.194
533.721  378.594  478.358  351.061
202.29  383.734  182.763  380.009
208.038  332.751  187.832  327.743
198.988  363.71  179.173  359.724
476.194  189.56  418.801  177.512
356.479  133.172  320.878  123.797
247.027  349.111  226.709  340.675
230.047  278.296  209.405  270.658
238.19  275.281  218.659  266.688
229.685  216.532  200.693  210.451
205.374  228.052  180.276  222.27
218.186  364.714  197.475  359.415
217.625  372.488  199.104  367.1
471.697  185.66  414.377  174.071
206.668  328.009  186.474  322.452
174.289  73.1406  79.0069  74.7238
203.093  47.1322  110.953  47.3612
227.511  336.996  207.327  330.503
171.482  229.812  145.274  225.423
188.408  54.3797  94.7208  54.5822
292.303  361.665  270.312  350.199
188.775  45.2351  93.6891  45.5143
259.379  377.917  240.56  368.694
115.448  214.259  55.3885  219.866
250.821  350.227  229.992  342.199
203.67  380.494  184.528  376.906
243.049  313.463  221.635  305.703
536.817  368.089  480.819  340.299
187.294  259.759  163.877  254.675
403.605  253.801  368.868  237.823
466.498  208.697  409.943  196.367
220.094  204.758  190.304  198.602
238.018  336.698  217.816  328.773
229.368  216.883  201.829  210.438
394.75  130.237  355.672  120.273
549.182  222.208  479.858  205.887
173.31  229.036  148.828  224.597
217.985  40.6586  127.285  40.5342
611.714  296.715  540.832  268.899
232.278  365.644  212.615  359.193
604.687  278.263  532.496  253.849
211.134  293.097  189.862  286.705
398.577  228.394  359.838  214.91
399.49  181.203  360.358  169.215
277.039  349.816  255.848  338.897
218.519  41.8866  124.641  42.209
533.272  379.355  478.358  351.061
175.343  73.0834  80.5036  75.1229
124.379  444.834  98.0729  454.416
244.748  204.801  213.903  198.376
227.052  201.614  196.323  195.346
381.733  135.198  343.007  125.51
129.82  139.222  50.2026  143.199
207.968  230.016  184.376  223.744
285.556  185.551  250.335  177.768
221.259  56.591  131.915  56.6678
337.832  301.569  310.33  287.355
559.667  221.246  488.559  204.587
329.312  151.212  300.707  140.873
169.15  214.338  140.652  210.147
206.242  227.189  181.167  221.361
568.779  76.0293  469.587  74.2233
206.138  370.713  186.923  366.626
273.865  190.845  239.275  183.979
465.577  211.628  409.104  199.247
505.651  199.691  443.263  185.986
119.696  213.324  59.3827  218.795
406.756  218.897  369.84  203.962
254.623  333.795  234.419  324.935
604.838  275.504  532.419  251.364
291.614  361.008  268.224  349.635
183.157  37.2687  87.746  36.9933
603.857  279.311  531.613  254.974
178.367  122.693  101.844  124.571
243.401  306.345  222.806  298.174
294.662  365.568  273.123  353.712
398.419  178.35  360.102  166.31
404.273  298.128  369.158  281.016
479.376  208.014  423.161  194.616
227.676  270.152  207.231  262.515
251.546  315.664  229.885  307.368
236.842  337.852  216.626  330.034
169.15  214.338  140.056  210.289
338.701  419.63  312.724  404.862
488.575  328.463  431.99  309.301
537.965  367.082  481.792  339.216
251.273  272.922  230.456  263.282
132.904  426.76  102.979  436.534
536.254  281.969  476.342  260.217
295.976  373.87  274.494  361.916
243.486  288  223.217  278.881
478.705  204.683  422.09  191.613
243.809  285.159  223.358  276.637
539.131  367.95  482.288  340.203
226.888  284.664  205.791  277.536
165.769  91.5248  73.2194  94.5556
209.407  316.993  189.51  311.397
108.066  113.771  24.6648  116.991
270.68  202.453  238.619  194.557
206.431  286.85  185.227  280.577
246.621  308.45  226.513  299.897
202.866  297.575  182.745  291.438
392.843  130.225  353.543  120.42
568.996  76.8625  470.029  74.9422
217.864  365.241  197.279  359.891
548.184  58.6631  450.552  58.5002
202.608  313.661  182.66  307.895
327.894  27.2956  298.273  20.7949
232.879  340.974  212.784  334.116
207.252  333.429  187.055  327.934
271.988  347.092  251.033  337.126
228.703  285.735  207.876  278.417
209.34  301.172  188.985  295.359
278.538  337.714  256.726  326.76
427.971  273.205  391.351  255.054
192.932  270.734  173.022  264.498
556.816  79.1742  458.543  77.4066
229.768  267.901  208.486  259.771
223.583  284.976  203.197  277.851
258.477  186.976  225.678  179.716
222.487  346.427  202.36  339.982
505.741  211.899  446.711  197.091
212.419  292.54  191.227  285.984
391.213  417.341  360.538  397.085
176.096  157.492  108.4  160.319
239.52  307.709  218.977  299.866
215.578  47.3544  124.683  47.6308
537.572  309.198  473.992  287.546
195.452  369.915  173.834  367.116
180.468  68.597  86.0966  69.7313
186.073  76.1731  93.6425  78.1939
549.424  83.5008  452.803  82.0555
250.011  290.322  229.385  281.483
248.377  284.014  227.616  274.647
229.379  265.823  208.179  257.654
395.82  129.681  356.63  119.764
240.419  275.544  219.765  266.602
238.754  336.294  218.139  329.048
247.989  281.815  227.047  273.142
542.804  376.414  486.535  348.047
384.038  304.347  349.858  288.177
394.478  345.447  360.966  327.775
405.625  214.38  366.139  201.068
257.16  332.576  236.833  323.561
327.074  438.482  305.144  423.356
255.25  344.748  235.04  336.032
349.555  148.854  314.002  138.781
553.096  57.3875  454.911  56.6641
421.429  432.205  392.089  407.151
178.137  52.5963  82.8397  52.7032
230.616  37.349  140.022  37.2437
388.606  130.567  349.133  120.976
178.737  123.221  101.38  125.245
339.668  422.566  313.765  407.675
247.944  282.128  227.415  273.33
394.562  177.178  356.35  164.772
240.469  262.757  219.734  253.685
191.698  284.599  171.797  278.77
465.459  210.911  408.996  197.96
192.153  47.8181  98.3246  48.2185
123.995  130.803  43.2905  134.308
240.254  359.578  219.786  351.962
611.054  292.391  539.514  265.216
279.891  186.783  245.166  179.077
542.251  376.274  486.149  347.926
336.034  306.047  308.63  291.871
208.406  339.879  188.463  334.351
396.671  408.312  364.732  388.006
609.075  68.7625  503.923  67.1234
269.782  352.6  249.86  342.515
206.138  370.713  187.132  366.593
430.908  407.112  393.448  385.382
225.364  296.142  204.577  289.257
199.721  223.829  172.811  218.788
384.456  411.392  356.218  391.608
431.27  291.187  390.388  273.785
566.754  81.297  467.773  79.8586
177.369  122.599  100.877  124.429
474.199  217.035  417.901  203.096
396.349  275.067  360.352  259.004
230.03  364.802  210.397  358.589
435.461  358.463  396.634  337.144
113.194  173.498  40.2614  178.956
323.365  291.447  298.027  278.424
217.418  332.72  197.154  326.384
173.022  46.0447  76.6719  46.3745
131.945  130  52.7536  133.119
235.696  257.871  214.792  249.087
206.138  370.713  187.719  365.674
542.753  378.284  486.509  349.849
206.246  381.384  185.646  377.573
437.583  406.643  396.719  385.696
420.798  300.635  383.529  282.634
236.593  319.879  215.992  311.839
544.076  75.8023  447.511  74.2051
242.714  314.565  222.137  305.935
266.611  348.242  246.105  338.657
173.931  243.454  151.872  238.8
416.361  129.883  372.13  120.276
283.063  337.545  260.174  326.555
396.459  182.943  358.323  170.869
228.134  284.784  207.112  277.591
211.65  363.165  191.482  358.104
207.608  302.708  186.585  297.323
188.83  263.873  166.747  258.335
495.49  332.75  440.415  312.526
289.374  227.992  261.706  217.846
235.019  329.301  215.046  322.023
232.259  276.755  211.477  269.078
413.357  289.197  378.063  271.528
543.432  73.2804  446.899  71.7941
193.244  231.475  167.33  225.982
230.564  36.8605  139.979  36.7537
538.33  310.679  474.709  289.566
542.478  376.228  486.394  347.859
349.462  407.564  323.076  390.905
243.201  351.97  223.53  344.295
295.244  372.914  274.08  360.949
400.651  382.689  368.109  363.212
396.189  282.77  360.957  266.943
543.123  377.039  486.882  348.614
418.117  129.544  373.835  119.9
112.475  414.023  75.7689  426.838
184.449  45.0179  89.4908  45.295
505.692  193.292  443.653  179.704
567.706  276.213  503.906  252.478
196.529  57.2241  105.553  57.2629
256.727  331.593  236.42  322.634
432.46  281.125  394.939  262.64
397.633  351.673  361.761  334.608
553.969  77.4655  456.229  75.7093
197.899  373.17  178.303  369.409
219.882  278.757  199.531  271.806
496.105  328.986  441.406  308.651
199.772  228.558  175.759  222.849
403.865  256.986  367.88  241.417
240.107  308.469  219.411  299.974
201.879  297.724  181.898  291.552
397.663  263.139  361.163  248.134
202.66  47.8751  110.405  47.5621
482.858  215.879  427.124  201.778
396.572  283.091  360.971  267.369
534.18  185.221  466.816  172.199
151.41  422.231  120.279  429.892
583.095  192.464  508.299  177.278
576.968  327.462  511.518  300.935
251.227  337.818  231.782  329.106
230.92  38.272  140.482  38.2377
228.29  293.928  207.558  286.808
225.593  201.533  194.9  195.229
230.664  342.261  210.958  335.534
191.108  260.046  168.414  254.442
474.333  321.759  418.684  304.07
97.5616  96.4113  13.3241  97.6332
488.818  328.008  432.245  308.744
600.347  313.418  528.494  287.314
555.518  77.707  458.088  75.8171
217.111  49.5766  126.4  50.0247
571.873  288.772  505.428  264.876
440.897  419.654  400.771  396.825
577.816  185.677  503.296  171.319
254.031  343.731  232.676  334.861
164.664  121.993  86.9977  124.048
412.1  302.821  377.748  284.548
278.927  376.867  256.343  367.322
578.255  185.061  503.741  170.705
234.51  45.6745  144.895  45.9595
499.17  213.076  441.243  198.47
418.439  249.802  392.248  229.036
599.803  316.707  528.124  290.409
401.509  283.275  365.314  266.551
275.459  307.985  255.109  297.242
552.051  195.633  479.003  181.665
379.289  406.888  348.131  389.362
570.057  297.827  504.113  274.205
183.874  258.255  163.036  252.43
549.298  66.4842  452.1  65.948
518.453  420.122  472.557  388.394
204.172  359.215  184.537  355.212
506.07  211.005  447.318  196.193
507.211  284.379  450.809  264.401
152.692  172.767  90.3272  175.129
332.22  149.693  303.036  139.509
190.234  257.386  168.679  251.401
394.391  130.629  355.499  120.735
393.393  131.375  353.869  121.636
478.932  209.221  422.4  195.239
407.933  296.666  372.804  279.322
285.586  335.776  265.462  324.183
535.85  368.148  480.508  340.868
219.305  336.991  199.027  330.557
218.575  334.941  198.493  328.443
505.741  211.899  447.318  196.193
399.492  169.85  361.091  158.169
231.612  280.215  211.359  272.505
274.899  306.119  254.865  295.313
246.555  349.034  226.106  340.555
187.445  229.347  162.847  224.43
611.582  362.894  543.748  329.85
243.968  264.89  223.541  255.445
404.145  295.577  368.872  278.713
365.768  270.055  333.479  256.215
406.881  307.973  372.055  290.337
222.726  270.874  203.201  262.589
225.652  278.952  204.817  271.821
195.507  274.543  175.522  268.967
209.586  321.711  189.581  315.556
214.217  194.22  182.013  188.585
149.446  165.469  82.1685  168.481
235.23  37.1528  144.836  37.1449
192.393  276.781  171.996  271.586
512.997  300.574  448.114  282.838
273.836  351.781  252.538  341.107
209.548  321.478  189.546  315.315
402.665  423.541  369.363  402.807
498.957  204.853  440.796  189.961
248.664  342.685  228.813  334.478
344.878  57.3359  315.062  49.0129
188.866  61.4683  95.5684  62.7311
294.441  366.345  273.123  353.712
265.749  346.179  246.078  336.381
243.442  322.852  223.356  314.866
354.174  396.037  324.138  381.334
124.428  131.488  43.695  134.971
549.793  68.669  452.554  67.2718
187.129  148.963  118.258  151.456
195.095  333.331  175.136  328.592
402.828  304.943  367.668  287.123
490.166  327.274  433.683  307.777
249.622  289.651  229.31  280.823
214.05  280.287  193.591  273.018
244.712  292.578  224.058  283.442
253.141  279.519  231.901  270.652
220.74  37.5448  129.531  37.4807
302.715  228.893  275.893  217.613
111.399  121.445  28.6413  124.509
143.081  401.878  108.865  410.227
145.011  123.553  62.6746  126.614
236.378  274.134  215.904  266.113
234.758  319.43  213.928  311.535
185.925  36.7793  91.0099  36.5884
105.797  108.647  22.5708  111.522
294.963  365.239  273.374  353.506
262.675  371.277  242.457  361.501
248.519  325.666  227.656  317.605
140.572  173.809  78.4895  176.379
557.525  67.7148  459.645  67.0653
476.826  331.611  421.652  313.077
276.314  252.407  258.327  240.818
331.546  426.718  307.451  412.13
108.508  410.329  69.1607  425.067
228.101  286.825  207.142  279.731
527.558  184.078  461.097  171.417
123.269  144.255  44.5045  148.371
197.949  352.794  178.174  348.352
191.592  224.932  166.905  218.936
241.115  275.874  220.186  266.866
294.963  365.239  274.034  353.235
309.548  122.32  282.189  113.164
211.948  295.474  189.951  289.169
280.844  264.117  258.644  253.552
240.864  347.476  222.916  338.456
382.847  420.987  354.874  401.303
343.897  127.901  316.8  117.466
257.415  207.607  230.041  199.835
246.539  307.057  226.026  298.768
254.354  286.154  234.082  276.953
308.798  122.663  281.396  112.699
153.321  172.694  90.3272  175.129
189.262  53.076  95.2957  53.076
563.353  80.2997  466.262  77.8974
234.73  293.215  213.374  285.033
266.432  362.43  246.489  352.914
283.322  257.285  260.897  246.632
171.462  96.7572  78.0821  99.6148
539.956  350.243  482.075  324.483
123.995  130.803  43.695  134.971
558.019  61.2404  459.444  60.1746
472.113  209.549  415.436  196.084
386.856  145.43  349.489  135.024
182.317  242.696  161.477  237.358
314.15  32.8392  285.385  26.1714
249.905  219.867  223.664  212.251
254.066  280.611  232.65  271.783
217.361  356.146  197.357  350.208
251.276  274.988  230.241  266.178
247.164  34.6617  157.294  34.6653
132.904  426.76  102.353  436.038
208.921  305.023  188.488  298.605
194.661  293.727  171.965  289.654
541.312  380.174  484.18  352.482
233.468  338.975  213.333  332.188
220.644  305.64  200.164  299.301
421.37  291.951  384.849  273.964
178.922  123.126  102.344  124.875
235.523  37.5477  145.133  37.6139
240.229  41.5582  150.516  41.7906
214.041  54.7323  123.529  55.4965
177.431  74.6183  81.8825  76.184
188.986  271.12  167.864  265.357
392.855  172.942  354.477  160.684
505.124  333.956  448.783  313.111
225.672  38.582  135.105  38.6066
223.105  47.3869  132.919  47.7981
177.349  59.0953  81.516  60.46
303.879  25.0283  278.405  18.2255
245.26  44.8049  155.862  45.2068
248.641  281.168  227.898  272.522
599.946  316.155  528.297  289.947
407.942  300.464  372.858  283.082
213.34  352.336  193.366  346.612
220.837  36.3012  129.56  36.2316
536.31  376.216  480.381  347.895
505.444  200.194  444.551  185.818
184.927  36.7382  88.7225  36.7169
272.855  335.692  251.467  324.913
479.401  208.897  423.151  194.716
554.495  310.809  490.118  287.012
275.612  253.25  255.924  241.355
348.356  366.047  319.376  350.72
622.417  303.415  551.226  274.451
438.439  286.467  395.765  268.347
244.47  284.577  223.999  275.237
191.941  337.225  173.53  333.173
567.961  214.317  496.386  197.22
545.236  64.7617  447.04  63.7632
463.671  211.95  407.406  199.837
123.366  145.119  44.4933  149.272
244.1  304.569  223.681  296.449
476.311  210.647  419.508  196.808
441.04  346.133  399.104  326.687
258.415  200.492  227.36  193.659
126.03  416.282  91.9664  426.903
331.857  153.909  301.783  143.948
260.526  276.129  239.428  266.735
309.566  122.326  282.03  113.261
251.309  351.151  231.53  342.9
442.836  131.849  395.202  121.919
253.485  294.203  232.916  285.3
164.886  122.235  87.2857  124.179
218.434  372.723  199.708  367.587
197.759  230.187  173.01  223.979
128.62  364.409  78.5419  377.387
288.281  345.138  268.27  333.394
329.024  161.355  300.195  151.068
578.074  285.06  514.502  260.207
509.194  187.618  444.26  174.792
218.993  364.772  199.639  358.612
537.092  334.378  476.57  311.103
102.09  116.217  18.7318  118.865
203.126  355.866  183.596  351.928
405.43  303.566  370.995  286.142
437.82  133.184  391.662  123.089
502.013  186.323  438.772  173.572
424.108  145.129  378.134  134.154
227.192  344.148  206.354  337.323
555.654  78.3096  458.426  76.2213
178.737  123.221  102.213  124.922
397.013  273.086  360.974  256.856
127.944  415.163  94.2891  425.351
207.763  305.358  186.678  300.21
502.199  207.146  443.329  192.008
210.303  268.99  190.557  261.418
564.173  310.791  499.79  285.629
381.206  135.539  343.614  125.825
330.339  425.68  306.348  411.282
241.266  317.303  221.495  308.371
185.73  47.2335  90.9911  46.83
479.156  220.516  422.082  206.113
194.213  88.5431  102.7  90.4995
214.46  302.225  194.059  296.293
599.493  315.543  527.945  289.439
223.158  199.858  191.66  193.691
478.054  209.393  421.662  196.32
203.62  361.208  183.761  356.496
543.529  287.286  482.461  264.629
403.959  218.902  366.896  205.006
220.614  319.519  200.5  313.418
198.6  337.395  178.124  333.632
177.426  74.7396  81.8341  76.2643
187.637  284.661  166.86  279.185
508.431  408.554  455.565  381.885
280.55  364.049  261.58  352.798
302.978  23.7587  275.214  17.2938
201.739  309.801  182.091  303.676
589.928  320.707  519.103  295.388
194.762  217.991  167.274  213.366
195.896  38.0542  102.692  38.0026
202.004  308.737  181.71  302.789
114.324  413.589  79.5943  425.225
287.766  347.455  265.921  336.547
482.79  331.131  426.095  312.439
161.708  424.371  130.221  431.205
123.995  130.803  44.1444  133.963
233.886  207.701  204.074  200.747
443.2  135.042  395.657  124.961
132.872  127.74  52.2622  130.755
562.633  192.999  487.845  178.695
474.17  322.633  418.71  304.689
178.503  123.444  102.089  125.113
216.263  37.6726  124.945  37.6808
195.701  335.777  175.708  330.958
398.261  180.424  359.985  168.551
185.444  229.245  158.874  224.054
184.272  269.138  163.467  263.423
555.349  67.0559  457.229  65.6236
604.721  293.406  533.279  267.913
385.464  376.234  352.948  358.994
363.918  127.484  322.272  118.542
294.947  342.113  273.302  329.312
273.386  354.166  253.324  344.014
135.813  436.997  105.713  446.411
187.232  267.707  166.86  261.644
235.978  312.423  215.611  305.098
557.513  68.0395  459.694  67.4755
457.278  216.629  404.649  202.661
231.903  271.272  210.662  263.881
183.618  61.1666  89.6341  62.5781
621.346  298.059  549.925  269.826
540.137  190.65  469.008  177.156
610.551  362.932  542.92  330.116
287.966  332.8  266.152  321.792
228.76  284.298  207.023  277.492
201.997  35.7526  109.816  35.5631
545.39  69.5333  446.483  69.4538
290.812  288.888  268.658  276.567
194.251  270.841  174.79  265.232
216.969  372.876  199.157  367.56
484.136  328.59  427.677  309.668
188.319  284.569  168.205  279.888
408.987  268.058  372.516  252.072
291.108  353.951  269.237  342.792
554.023  341.431  492.202  316.035
533.653  319.622  470.352  298.81
290.767  351.474  267.97  339.593
195.975  288.811  176.135  282.573
561.679  71.0192  463.267  69.2607
558.166  68.5887  460.839  67.8982
481.857  215.981  426.394  202.057
262.638  373.773  243.762  364.468
294.069  374.217  272.8  362.645
193.851  241.501  168.393  235.9
574.284  326.218  509.487  300.049
539.688  327.233  478.255  303.239
536.031  375.999  481.296  348.202
474.199  217.035  417.52  204.108
336.258  367.439  310.113  352.151
236.315  273.038  215.821  265.156
101.336  104.421  17.3026  107.191
242.399  308.563  222.721  300.448
474.168  323.079  418.671  305.107
156.059  167.415  90.2863  169.954
481.984  216.184  426.674  202.2
208.331  302.089  186.559  297.113
181.958  162.043  116.229  163.755
571.214  75.6278  472.083  73.4773
613.968  300.302  543.882  272.4
232.395  34.5387  141.917  34.5311
573.024  266.751  513.753  242.009
266.377  230.074  242.146  220.049
331.277  144.925  300.73  135.371
157.094  424.005  125.258  431.355
334.808  266.097  304.586  254.307
245.471  309.861  225.176  301.75
158.214  167.161  94.0157  169.296
421.116  436.075  392.4  410.917
117.693  214.167  57.7015  219.394
331.94  154.713  302.553  144.651
479.057  331.964  423.148  313.32
244.317  346.216  224.711  338.533
114.627  204.401  53.4047  209.298
202.37  316.678  182.495  311.861
393.498  273.483  357.354  257.536
264.206  230.554  239.153  220.888
186.558  36.2199  92.5927  36.0456
477.438  202.904  421.125  190.184
433.998  132.327  387.368  122.626
483.25  227.677  426.34  213.66
538.48  353.457  481.451  327.491
560.261  340.057  497.944  314.063
260.998  363.725  242.038  354.499
233.087  306.984  213.727  299.469
228.412  334.798  207.563  327.582
213.689  218.816  188.201  211.749
339.228  386.616  313.444  370.754
157.094  424.005  125.431  431.265
182.726  268.303  161.95  262.598
212.327  34.9295  120.73  34.812
573.752  184.383  498.288  169.815
507.185  210.97  448.484  196.248
190.21  293.732  169.678  288.198
407.693  293.891  372.459  276.887
418.381  61.0132  371.819  53.914
220.377  216.277  190.617  210.004
163.145  155.112  94.2899  157.388
230.872  342.116  210.426  335.881
202.872  385.645  183.292  381.609
403.411  292.409  367.932  275.979
448.77  135.114  402.485  123.377
291.598  331.714  270.213  320.244
602.836  271.489  530.878  248.006
205.024  384.768  185.783  380.356
234.532  294.314  213.286  285.969
242.051  35.4035  152.336  35.5032
266.121  261.621  242.751  251.424
554.481  216.625  483.738  200.277
171.771  122.866  94.6925  125.755
520.641  302.858  457.055  283.337
572.653  266.976  513.378  242.304
260.106  339.6  239.223  329.7
581.81  275.316  516.271  251.562
408.136  282.407  371.015  265.186
318.052  29.0029  289.228  22.6224
608.787  312.227  536.244  285.513
249.763  279.052  229.04  270.444
304.128  130.559  276.883  121.556
128.843  139.206  49.5584  142.804
364.74  126.957  331.028  116.221
178.756  74.1216  84.0151  76.5658
190.347  154.638  124.417  156.965
182.137  220.841  156.612  216.408
248.871  279.397  228.513  270.742
206.911  373.089  187.902  369.269
530.946  184.298  464.209  171.64
235.644  261.767  216.519  253.421
487.92  331.305  431.696  311.636
228.929  289.455  208.301  281.194
185.578  266.753  164.822  260.795
333.898  364.196  307.91  349.049
274.289  363.886  254.153  353.873
200.036  55.0167  107.565  56.0768
190.484  295.409  169.814  289.909
176.111  239.208  152.357  233.856
478.824  175.482  420.25  163.333
423.658  291.614  385.787  274.108
256.115  331.961  235.942  323.285
244.077  313.173  223.919  305.235
394.798  316.35  359.901  300.087
226.198  37.1977  135.448  37.3402
471.017  332.695  415.942  314.604
225.601  324.762  205.458  318.511
554.336  338.76  492.592  313.499
182.475  39.1638  87.0508  39.3378
284.813  196.764  249.873  188.613
259.592  215.856  233.372  207.9
172.001  44.9351  75.6403  45.4595
331.067  155.029  300.892  145.249
199.343  350.024  179.331  345.255
549.845  283.217  484.244  261.791
128.412  139.142  48.7303  142.786
393.583  278.145  357.388  263.321
339.747  386.503  313.444  370.754
200.946  36.2494  107.829  36.2682
554.51  298.538  490.442  275.057
367.558  155.627  332.771  145.344
228.887  259.727  208.896  252.07
173.787  158.168  106.063  160.161
211.387  36.11  119.483  36.1393
531.009  283.051  472.276  262.347
163.389  127.735  87.6284  130.805
549.561  310.728  484.897  288.896
392.08  394.627  359.244  376.586
368.961  136.594  330.144  127.747
224.102  200.829  192.732  194.474
295.493  366.17  274.034  353.235
285.078  168.954  252.822  160.112
123.662  423.717  90.8624  434.357
201.332  357.142  181.441  352.372
271.502  362.337  251.624  352.505
186.725  80.7202  93.7912  82.2055
132.929  143.25  54.6018  146.905
198.643  290.181  178.46  285.114
367.138  315.698  331.78  301.195
602.936  275.311  531.132  251.557
195.844  349.677  176.277  344.994
230.165  293.795  210.468  286.479
330.491  290.182  304.683  277.051
171.606  122.836  94.6925  125.755
542.753  378.284  486.117  350.403
384.309  326.56  352.447  308.666
405.769  127.268  366.15  117.48
497.888  212.644  441.073  198.088
212.565  36.3814  121.334  36.3897
221.415  306.897  200.773  300.803
215.082  366.897  194.321  362.908
162.065  179.046  100.341  181.164
107.319  165.223  30.1468  170.655
547.14  280.574  482.17  259.315
382.698  386.205  350.354  369.274
199.676  338.07  179.329  333
564.469  284.432  498.322  261.303
247.631  307.837  227.478  299.585
396.863  314.04  361.762  297.733
180.164  167.548  118.185  168.662
529.608  183.723  461.129  170.451
207.729  209.106  179.415  204.101
422.017  298.572  383.832  281.216
183.05  64.5603  88.7761  65.0705
426.427  283.169  383.681  266.187
399.718  209.676  362.25  196.673
321.849  31.0017  293.026  24.6362
254.897  367.414  235.201  359.265
290.52  323.974  268.617  311.483
195.66  336.731  175.573  331.822
335.667  151.591  306.199  141.584
384.878  385.389  352.663  368.147
149.092  123.078  67.6528  125.659
189.756  289.472  169.321  283.706
227.3  294.861  206.21  288.281
405.542  290.003  369.824  273.619
195.179  256.659  174.28  249.873
252.165  290.932  231.506  282.341
134.852  402.539  100.019  411.571
218.558  340.343  198.755  334.98
430.605  137.205  383.829  127.614
124.596  153.104  48.5966  157.087
100.21  431.995  67.4958  445.147
185.405  269.122  165.308  262.945
212.006  209.184  184.042  203.935
604.687  278.263  532.606  252.785
201.89  259.231  179.288  252.632
383.503  168.469  347.231  157.452
299.63  251.427  277.238  239.932
427.992  138.958  378.945  128.573
197.167  299.479  175.693  293.825
406.839  164.58  368.223  153.067
371.388  225.801  340.511  210.915
214.314  36.7962  122.968  36.9137
129.73  364.715  79.6926  377.397
135.896  431.098  105.948  439.852
133.825  179.741  69.465  183.047
133.144  433.268  102.378  442.775
350.531  137.904  315.585  127.529
128.551  439.222  98.4546  449.259
162.564  178.419  100.822  180.438
270.866  278.977  248.922  267.924
428.298  127.895  383.98  118.257
565.478  192.597  490.158  178.047
226.609  348.639  207.908  340.904
147.996  168.283  79.4624  171.457
181.958  162.043  116.202  163.593
239.138  287.871  218.512  278.747
209.986  208.765  181.568  203.737
581.655  195.192  506.858  180.33
401.53  29.0239  354.847  24.8385
207.073  333.564  187.398  328.941
225.815  342.004  204.671  335.125
244.55  314.451  222.665  307.233
555.665  339.581  493.777  314.261
161.937  125.266  84.5634  127.15
193.498  287.024  173.208  280.861
551.74  296.776  487.463  273.74
137.812  276.634  97.3039  281.043
482.199  331.418  425.709  312.477
221.792  36.0095  130.731  36.1749
144.247  123.648  62.424  127.74
418.39  137.734  374.56  126.575
557.198  339.952  495.704  314.199
266.914  345.781  245.195  335.517
203.056  307.208  182.748  300.924
124.287  422.369  91.6701  432.681
224.144  54.1482  133.565  55.2539
404.036  406.196  373.016  385.555
208.113  338.207  188.056  332.272
136.351  179.212  72.1302  182.371
436.619  134.556  389.644  124.893
397.394  270.631  360.993  255.824
224.156  276.159  203.255  267.953
192.645  45.8875  99.5952  46.4894
480.242  205.794  423.369  193.096
385.021  372.822  355.346  353.017
479.509  207.887  422.4  195.239
548.459  66.2738  451.772  66.04
408.522  253.375  372.1  238.064
206.782  305.289  185.806  300.432
384.375  131.504  350.355  121.257
132.685  125.456  52.0448  129.542
477.447  207.365  420.877  193.214
549.487  361.548  491.479  334.189
186.025  273.682  165.875  267.551
335.678  152.684  305.745  142.835
150.482  162.518  81.6968  165.283
555.137  341.852  493.049  316.632
279.664  200.524  245.655  192.251
501.225  205.397  442.273  190.184
127.476  140.85  47.8255  144.501
483.639  328.053  427.151  308.988
208.655  374.123  192.455  369.185
583.185  185.213  508.169  170.981
257.09  199.141  226.647  192.482
128.334  416.995  93.5544  427.475
114.117  414.004  79.4208  425.412
488.782  332.851  432.596  312.84
148.153  419.709  115.932  427.546
364.261  326.528  329.656  311.782
179.836  35.4495  84.1372  35.5067
345.305  312.126  318.106  296.465
229.676  266.889  209.13  259.602
494.625  320.681  436.431  301.203
190.21  287.136  169.453  281.287
230.547  291.646  209.703  284.79
494.297  182.441  434.741  170.594
225.587  315.345  205.765  308.943
144.954  415.069  111.929  423.224
601.707  316.695  528.909  289.424
322.327  153.252  294.309  143.513
174.798  119.071  95.7476  120.714
406.423  385.952  377.079  364.57
235.081  333.369  214.464  325.249
439.23  134.387  391.894  124.742
123.703  423.28  91.292  433.561
120.557  424.358  89.6975  434.32
515.27  301.679  451.428  282.764
571.411  287.797  505.346  263.402
136.743  175.238  71.5686  178.277
411.679  309.247  377.593  291.183
137.482  173.884  72.0933  176.864
173.429  157.854  105.036  159.811
403.03  216.862  367.14  201.422
129.82  139.222  49.5584  142.804
543.432  73.2804  448.034  72.6943
229.547  268.145  208.874  260.953
187.599  266.082  166.913  259.776
410.353  292.432  375.581  275.253
392.401  379.594  359.448  361.929
523.74  298.085  459.47  278.437
162.564  178.419  101.803  180.119
338.096  313.57  310.911  298.545
482.267  325.877  425.847  306.96
347.519  395.063  319.791  378.813
288.233  328.557  265.93  317.986
224.764  269.256  204.172  260.724
145.226  414.596  112.515  422.522
361.293  126.168  329.079  116.655
558.578  343.427  496.971  317.439
427.871  138.051  382.378  128.371
294.29  246.456  268.782  234.803
179.686  162.29  113.775  163.835
307.022  235.32  285.24  223.409
258.899  199.354  228.108  192.767
397.172  240.689  360.068  227.006
514.342  300.601  450.658  281.729
335.526  202.678  307.019  189.826
370.789  193.762  334.84  181.12
210.61  329.987  190.316  323.62
149.446  165.469  81.7549  168.136
458.195  315.406  410.781  295.759
248.512  349.434  228.656  341.81
134.808  402.17  100.687  410.736
234.978  259.459  213.546  250.393
182.079  45.3777  85.9376  46.2559
221.018  296.341  201.006  288.319
408.86  254.751  370.716  240.068
557.046  78.3913  459.515  75.9704
495.146  211.421  438  197.455
163.145  179.013  100.341  181.164
133.018  178.65  68.5552  181.789
362.264  417.02  334.845  398.593
580.412  326.223  515.447  299.537
179.853  167.542  117.5  168.566
193.451  289.407  173.726  282.996
163.341  160.794  95.5641  162.923
432.88  398.567  394.885  377.555
158.099  160.942  89.2458  163.395
264.564  229.491  238.873  219.692
553.92  203.691  483.649  187.691
580.399  208.571  506.496  192.799
175.08  59.8869  79.4595  59.987
526.216  285.401  466.399  264.057
201.54  377.472  182.29  374.644
134.065  402.98  99.2726  411.915
119.055  148.17  40.3166  152.196
180.128  161.746  113.89  163.28
185.792  156.468  118.288  157.87
207.068  304.42  185.692  299.775
145.224  400.702  108.993  409.152
287.612  263.367  265.169  251.092
211.546  37.794  119.949  38.1185
533.734  192.715  465.185  180.227
573.741  324.866  508.551  299.394
128.522  134.777  49.0169  137.805
223.254  286.861  203.401  280.198
239.634  332.012  219.136  325.149
109.798  270.408  63.6879  275.78
469.213  353.575  423.768  332.275
410.969  254.936  374.262  239.595
395.815  145.408  356.706  135.455
539.592  317.039  475.843  296.105
156.712  167.459  91.4538  169.551
409.44  146.829  366.004  135.488
218.394  355.356  198.772  348.698
397.564  294.116  362.3  278.456
403.414  212.814  366.195  197.807
507.857  212.35  448.484  196.248
375.903  417.683  351.427  397.741
335.569  422.226  312.226  407.222
269.575  335.536  250.209  325.659
400.699  416.733  369.169  394.923
387.801  181.867  353.697  168.008
299.51  237.08  274.482  224.914
380.325  170.552  345.971  159.329
349.913  419.41  326.74  402.411
403.655  294.503  368.002  278.391
514.544  301.45  450.755  282.493
558.51  67.7963  461.381  67.4494
555.528  289.766  491.3  266.396
204.824  285.192  184.957  279.767
157.133  423.938  125.151  430.967
390.115  317.369  355.112  300.035
176.523  32.6499  80.4584  32.6407
486.809  333.433  430.953  313.349
271.573  268.576  253.948  255.804
175.601  238.184  151.009  232.755
479.168  325.087  422.867  306.41
593.735  223.067  521.218  202.645
437.829  346.025  398.179  326.427
340.247  418.584  314.445  404.208
262.657  347.189  243.102  336.274
604.122  287.123  532.348  262.708
212.498  41.9655  122.768  42.38
107.086  164.774  29.9218  169.898
605.481  283.768  533.809  259.347
603.513  290.737  531.917  266.093
202.358  303.969  182.222  299.291
202.547  233.998  179.92  226.59
534.109  314.244  470.606  294.115
219.398  318.278  199.57  312.589
341.394  128.874  312.221  119.448
556.688  280.318  492.494  257.267
213.925  289.451  193.225  283.829
273.821  361.276  252.959  349.957
307.965  381.09  293.484  365.421
189.911  218.85  162.396  213.013
356.841  142.437  320.372  131.812
131.369  405.175  96.961  414.226
527.425  313.072  464.415  291.646
303.026  234.8  283.456  222.613
485.255  319.936  427.978  301.055
391.843  290.053  361.134  271.415
381.492  326.416  346.692  309.733
132.171  404.195  97.4848  413.222
616.58  367.153  548.787  333.546
410.821  133.604  372.52  123.343
511.787  215.34  451.417  200.96
539.514  352.63  481.451  327.491
182.872  242.05  161.477  237.358
157.85  161.12  89.1081  163.454
133.825  179.741  70.0062  182.672
142.379  130.893  62.0135  133.607
186.393  157.64  118.83  159.001
516.809  292.019  452.731  273.183
147.671  422.296  115.64  430.037
484.487  328.529  427.994  309.112
327  362.128  304.401  345.892
137.21  176.159  72.4206  178.98
477.159  213.825  419.775  199.461
286.456  326.675  262.562  315.015
112.712  217.521  52.1209  222.855
392.422  167.191  354.015  156.585
390.001  368.346  360.06  347.847
122.359  438.929  91.4637  449.567
341.229  136.378  312.8  126.629
344.007  367.131  318.055  350.401
349.389  416.055  327.568  398.577
503.59  218.092  444.222  203.99
470.391  331.62  415.194  313.287
157.348  162.773  88.3166  165.25
202.495  208.299  174.854  203.653
478.368  329.966  422.912  310.786
528.183  312.924  465.445  291.224
217.682  274.939  198.277  268.42
199.618  296.651  179.306  292.104
519.042  409.335  470.684  380.029
208.431  317.871  188.513  313.114
138.01  178.625  73.5147  181.501
506.247  255.184  447.914  236.701
383.649  303.064  349.858  288.177
193.605  84.5889  101.564  85.8521
232.731  371.65  218.378  363.891
110.096  270.618  63.8835  275.867
162.946  162.698  95.9948  164.596
425.101  283.312  393.043  264.107
234.609  294.81  213.293  286.032
310.844  236.274  288.255  224.567
355.116  154.091  323.41  142.017
198.215  38.4883  106.889  38.8032
403.491  252.036  367.098  237.488
172.1  81.8196  79.0415  82.9376
172.291  262.603  153.847  258.234
179.62  34.2785  83.8436  34.5294
397.092  227.957  359.838  214.91
479.07  332.495  423.148  313.32
348.072  393.702  322.217  376.248
385.662  137.201  348.841  125.541
204.468  55.8259  115.374  56.9768
385.731  422.498  357.322  403.292
417.079  302.417  382.071  284.608
556.659  342.985  495.294  317.448
564.577  341.223  499.2  314.282
425.077  137.464  382.737  127.431
110.124  120.182  26.7819  122.598
161.349  162.822  93.5669  164.902
124.928  416.915  90.6408  427.15
298.62  346.585  276.529  335.28
415.154  259.036  374.236  242.701
210.285  341.364  190.865  336.965
435.329  333.121  395.82  312.009
153.021  177.074  90.4374  179.047
604.987  285.876  533.508  261.455
288.373  319.977  267.898  308.936
214.703  345.695  193.745  339.403
350.847  217.625  315.165  205.395
345.13  374.384  323.496  355.434
181.002  45.5499  84.8639  46.6754
429.966  309.058  387.586  290.426
185.806  155.957  116.785  157.421
297.934  355.746  276.228  344.417
223.255  298.106  198.851  293.446
293.261  278.553  280.142  264.616
173.022  46.0447  76.2698  47.1711
411.779  138.866  372.434  128.722
226.601  301.281  206.161  295.084
538.245  373.434  481.816  344.478
274.379  305.244  255.711  294.726
482.219  190.751  425.31  178.936
403.322  256.333  367.88  241.417
406.618  138.079  367.706  128.105
181.731  82.0687  88.3584  85.3974
594.589  221.86  521.065  201.607
105.887  165.58  28.8968  170.565
194.806  380.532  175.003  376.588
611.019  364.061  543.444  331.71
530.049  312.617  466.991  290.706
142.551  288.742  112.068  290.833
542.263  334.137  482.513  310.443
476.475  201.49  419.496  187.405
105.805  126.219  22.4245  129.091
599.493  315.543  528.297  289.947
276.746  282.48  252.483  271.362
111.526  90.1254  23.963  90.6387
478.017  328.824  422.504  309.602
510.542  278.473  453.708  257.752
305.447  218.525  276.199  207.125
295.187  354.396  273.557  343.362
601.478  317.199  528.909  289.424
113.804  206.634  52.3906  211.171
372.161  176.333  340.814  162.533
99.9166  169.817  22.4079  175.304
291.365  346.595  269.331  333.664
614.076  326.088  541.266  295.905
298.674  229.106  286.393  215.31
106.418  166.114  29.3694  171.103
294.151  366.304  273.057  355.247
408.276  278.503  371.891  260.498
187.828  81.418  93.5211  82.6357
79.6847  293.774  33.563  301.891
424.882  436.331  393.53  412.675
514.896  413.559  466.292  382.525
198.901  365.568  179.081  360.687
368.509  135.237  340.997  122.121
387.496  313.283  352.902  298.316
348.627  120.821  313.81  112.803
209.386  384.272  187.011  380.111
420.702  436.557  392.642  411.796
434.992  339.445  395.525  318.052
303.283  24.359  276.114  18.4858
556.428  344.644  495.283  319.106
556.647  74.2376  459.858  73.8801
609.399  312.874  536.723  286.742
541.155  350.029  481.929  325.599
157.348  162.773  88.5608  164.984
246.862  380.11  236.017  367.256
78.5979  295.569  33.0301  303.654
598.404  229.092  525.446  207.59
547.052  282.99  482.506  260.839
435.05  364.22  396.12  344.521
317.009  207.743  290.175  195.002
179.845  168.855  118.482  169.347
537.309  73.3212  441.207  71.0432
355.432  359.136  326.768  342.076
128.518  417.408  93.5544  427.475
493.076  176.49  434.015  162.837
405.189  311.597  370.113  292.448
335.893  420.569  310.123  407.112
554.024  277.258  489.228  254.633
261.462  350.536  241.182  342.335
530.171  312.539  466.884  290.576
136.085  397.804  99.2647  406.642
348.644  393.465  322.165  376.015
533.143  276.767  471.3  255.44
424.882  436.331  394.529  412.23
547.493  356.343  488.569  330.569
402.86  255.97  366.451  241.605
129.396  173.746  61.4851  176.945
530.619  312.225  466.991  290.355
526.574  312.362  463.551  290.738
141.835  288.778  112.068  290.833
247.831  219.756  220.99  213.255
181.398  178.92  121.676  179.492
181.585  275.65  161.563  269.263
537.104  329.984  477.203  307.453
352.257  353.008  325.414  335.523
529.472  180.485  463.285  168.66
106.882  439.293  75.0478  451.432
207.498  303.731  186.398  299.379
138.447  404.132  114.633  410.454
191.006  369.772  170.983  365.692
240.133  382.56  231.326  372.2
537.092  312.131  473.646  292.048
411.238  142.279  371.586  132.279
230.461  267.509  209.473  260.855
598.43  230.853  525.255  209.233
544.435  389.489  490.67  357.13
167.747  65.5574  69.6317  65.8732
246.569  311.134  226.788  303.549
134.066  424.12  101.933  432.878
110.709  448.903  80.8856  460.498
257.675  197.734  221.499  190.454
534.52  382.227  477.968  353.317
409.352  417.948  378.133  397.102
248.542  202.778  218.669  196.968
547.471  285.069  482.602  262.774
370.669  228.371  341.804  212.182
184.66  154.547  115.658  155.693
182.383  273.363  161.512  267.055
245.019  301.577  224.372  294.33
111.519  449.648  81.5807  461.237
183.902  57.6011  88.196  59.8005
394.245  179.104  355.215  168.561
560.588  284.132  495.418  260.346
340.5  406.197  314.007  389.643
490.533  193.944  432.729  179.13
184.841  271.545  163.979  265.015
159.975  162.675  93.6949  164.139
224.58  191.363  192.979  186.885
339.228  386.616  312.957  370.115
326.786  293.387  300.542  278.629
111.979  446.113  81.4917  457.615
364.24  238.93  333.606  223.481
386.703  256.39  351.977  242.927
171.201  48.0592  74.977  49.5193
528.248  301.761  463.387  283.974
393.666  270.779  357.539  254.023
342.535  294.606  315.537  281.566
315.581  211.9  288.83  198.996
562.839  307.188  498.505  281.424
243.358  324.12  221.692  314.895
563.18  70.3281  464.724  67.714
335.408  421.72  312.226  407.222
611.813  371.848  544.344  339.13
474.335  355.918  418.681  336.259
514.062  202.417  450.768  187.018
617.625  364.037  550.371  330.675
426.063  444.443  394.995  417.418
117.373  150.592  42.5739  153.488
487.9  332.225  431.696  311.636
542.412  296.167  478.259  276.588
617.609  364.612  549.482  331.712
213.629  300.35  193.56  295.292
530.617  279.438  472.004  256.736
240.246  305.216  218.886  295.764
185.544  284.775  165.143  278.344
283.065  267.938  260.519  255.416
525.91  286.16  466.399  264.057
554.31  221.381  484.81  203.437
555.874  275.741  491.494  252.571
226.052  322.064  206.103  316.529
234.029  332.202  213.866  326.31
552.239  352.055  492.163  323.363
295.279  356.145  273.581  345.493
576.99  337.458  512.556  311.087
138.773  285.056  117.691  284.587
214.983  198.586  184.686  194.407
597.543  228.879  524.083  207.396
597.909  326.62  526.397  301.157
198.625  362.774  180.391  359.987
572.44  258.678  514.391  235.075
617.625  364.037  549.597  331.194
595.61  221.848  520.211  201.767
522.111  324.535  466.104  302.761
347.367  258.871  318.826  246.597
315.56  179.049  288.55  169.629
137.473  183.651  71.6507  186.672
543.512  203.082  475.309  189.77
338.203  402.474  311.674  386.051
552.965  286.368  488.974  262.74
297.482  279.796  275.569  269.003
388.198  279.911  351.85  266.547
387.478  363.376  353.043  348
374.097  274.699  340.319  258.597
554.422  339.086  493.777  314.261
252.315  197.838  216.834  190.388
506.624  184.008  440.694  170.764
508.198  313.788  446.083  293.745
555.276  278.127  491.008  254.742
502.494  273.155  444.488  253.583
186.922  370.612  163.483  371.267
221.863  307.836  202.011  302.406
553.96  281.992  489.835  258.481
564.006  284.093  498.008  259.998
409.106  428.582  381.061  406.217
556.788  281.606  491.34  258.321
270.191  259.67  253.511  249.256
527.299  311.856  463.337  290.229
403.785  253.101  369.236  238.437
492.348  330.023  433.905  309.769
495.746  271.622  437.007  253.077
510.331  207.457  445.617  195.705
368.286  205.985  330.519  196.212
603.521  341.033  533.85  309.505
326.148  402.529  305.118  388.396
200.157  215.516  174.997  211.108
407.949  203.335  368.789  191.454
220.531  49.38  130.028  51.07
551.031  297.56  486.865  273.55
197.781  353.909  179.15  347.796
403.411  292.409  369.258  276.574
556.108  279.609  492.43  255.689
328.225  154.89  298.301  142.893
600.347  313.418  528.592  288.677
504.592  384.004  450.096  358.326
138.241  418.871  104.658  427.149
207.156  55.6262  118.23  57.3851
318.104  447.45  298.039  430.488
112.206  448.323  82.0643  459.478
101.303  435.764  68.6804  448.017
247.711  309.451  228.229  302.044
194.971  285.473  173.168  282.135
404.391  192.485  366.817  177.37
512.407  278.68  452.324  258.448
398.672  202.541  355.977  192.458
131.545  428.841  100.252  437.326
294.726  375.471  274.32  364.733
348.277  281.863  321.327  265.236
550.681  55.5623  453.088  53.46
283.412  274.158  261.062  261.232
264.667  206.315  235.673  196.434
413.748  166.781  375.578  155.744
210.855  298.072  188.735  294.184
508.193  313.042  445.811  292.922
209.165  361.781  189.552  358.884
330.339  425.68  307.451  412.13
498.659  187.209  443.281  170.953
227.685  46.2932  135.689  44.7283
499.612  273.701  439.382  255.079
423.277  441.945  396.614  416.559
149.536  163.637  81.7083  165.258
385.562  276.273  350.271  263.1
595.119  223.65  521.218  202.645
141.396  298.197  115.793  299.938
198.94  370.123  179.737  368.27
481.468  209.855  421.554  195.267
538.245  373.434  481.374  343.92
346.839  368.006  320.576  350.181
557.304  349.243  496.434  323.9
399.738  208.439  362.25  196.673
111.169  271.154  63.8835  275.867
113.039  450.577  83.0919  461.548
222.693  313.653  202.702  304.778
185.538  271.868  163.979  265.015
127.076  133.553  45.2914  135.908
307.443  271.821  282.817  257.709
327.227  363.603  298.776  348.908
542.089  66.0798  445.216  63.4423
391.741  304.924  362.172  288.446
281.359  338.215  255.905  326.762
335.859  410.451  308.97  394.099
219.251  338.329  198.203  330.633
149.32  400.014  122.901  406.915
407.349  296.099  372.055  280.505
345.74  331.363  318.676  314.194
346.73  288.719  319.354  272.085
345.766  376.898  319.493  359.031
356.184  127.316  315.728  116.972
311.695  121.45  284.558  113.723
188.631  223.701  159.579  217.438
309.92  228.279  282.715  215.086
421.056  143.832  376.571  131.219
568.943  211.902  495.145  198.147
547.471  285.069  481.454  262.589
278.898  237.826  267.714  225.677
410.476  147.44  371.523  137.791
79.0911  307.484  33.6941  315.649
576.796  294.59  504.241  270.695
409.078  138.898  370.35  129.624
346.654  315.999  319.78  298.743
99.9454  336.167  51.4497  346.531
569.831  333.438  503.346  305.595
488.184  220.338  437.832  201.339
373.558  214.239  343.442  197.942
382.106  158.335  349.111  144.172
265.844  271.282  241.188  260.094
179.564  306.809  158.954  300.897
541.267  295.805  478.307  276.51
346.271  285.51  319.115  268.763
355.811  331.135  322.704  315.261
235.639  319.065  214.24  309.593
114.507  209.003  52.9425  212.819
108.767  409.273  68.6256  425.966
600.347  313.418  528.592  288.677
