2338
317.769  209.871  354.252  212.494
450.812  295.672  490.551  292.71
381.081  185.336  410.648  187.177
115.011  22.1988  154.756  28.7995
389.378  330.917  419.502  329.097
492.838  373.235  525.604  366.161
225.3  206.487  264.803  211.101
391.045  392.641  427.576  389.405
430.152  186.313  453.132  187.12
475.656  128.899  497.417  131.32
381.777  162.342  408.262  164.669
343.511  212.045  379.898  214.112
137.824  84.1993  179.536  90.714
380.906  191.062  410.107  192.734
323.619  216.43  361.415  218.848
247.974  235.442  293.653  239.443
489.515  130.754  511.811  133.059
412.332  184.284  435.578  185.431
283.28  60.2192  313.813  65.835
143.533  236.491  195.325  243.189
466.197  119.241  487.28  122.065
318.273  224.153  357.645  226.576
368.777  201.926  401.458  203.641
426.932  163.287  450.078  164.902
535.088  200.789  561.445  199.581
381.124  191.749  410.192  193.401
394.876  334.018  424.492  331.933
403.793  377.052  440.327  373.561
378.947  189.376  408.111  191.132
368.929  202.476  400.805  204.16
568.868  195.604  586.051  193.817
266.564  243.911  313.231  247.36
480.864  183.368  503.038  183.542
415.345  208.023  450.157  208.798
256.041  231.402  298.217  235.171
304.491  200.691  338.593  203.665
303.179  304.103  331.195  305.695
119.626  13.4294  157.038  19.8523
434.677  147.731  457.739  149.797
343.995  201.927  379.669  204.205
425.425  178.792  447.707  179.867
284.539  58.3226  315.065  63.9926
340.076  145.761  368.19  149.048
497.893  184.48  519.847  184.373
391.366  207.608  426.738  208.866
351.126  223.688  388.725  225.356
483.364  183.759  505.497  183.864
393.456  155.381  419.128  157.725
340.007  249.435  380.933  250.871
495.801  146.547  516.999  148.057
429.106  146.753  451.366  148.861
458.95  160.978  479.797  162.215
520.664  210.167  547.158  208.744
448.173  164.674  470.117  165.925
437.609  172.136  459.76  173.286
170.767  146.306  210.969  152.186
168.302  234.585  219.479  240.659
492.76  171.657  514.703  172.158
363.639  211.62  398.987  213.262
363.764  413.155  411.607  410.384
411.946  373.967  449.548  370.158
525.394  126.147  543.695  128.23
522.377  211.03  548.927  209.568
479.093  193.743  502.835  193.574
576.846  214.197  601.013  211.556
365.814  198.919  397.169  200.738
534.122  199.174  560.23  198.039
310.615  210.477  347.76  213.266
195.705  140.833  235.423  146.404
393.698  332.055  424.454  330.029
193.636  79.1459  231.422  85.1458
393.032  155.191  418.455  157.524
302.372  209.332  335.743  212.154
526.448  117.232  544.321  119.753
457.428  153.14  478.474  154.704
447.32  164.588  468.944  165.828
399.488  330.037  430.842  327.834
486.471  374.955  519.769  368.098
53.1714  135.282  77.8417  141.887
410.725  183.407  432.994  184.579
442.457  163.394  463.989  164.724
338.751  172.149  368.397  174.918
393.183  330.25  423.845  328.277
307.18  210.82  342.094  213.609
444.633  323.721  480.644  320.075
391.603  207.381  426.972  208.653
418.487  214.144  454.254  214.673
211.756  211.791  252.505  216.712
391.027  203.408  425.381  204.775
404.095  211.658  440.052  212.543
459.009  119.812  480.182  122.62
210.93  86.667  246.328  92.3397
416.518  214.684  452.124  215.225
349.844  365.061  387.303  364.083
453.179  136.768  474.806  138.973
382.968  192.755  411.997  194.371
390.691  203.392  424.883  204.764
420.331  202.73  453.673  203.523
183.031  141.878  223.899  147.644
224.12  195.312  263.452  200.002
253.679  245.846  299.831  249.624
318.808  171.216  351.548  174.416
445.747  156.655  466.196  158.123
319.424  107.517  359.114  112.651
408.331  390.269  446.646  386.268
427.02  211.824  462.725  212.325
454.524  127.676  475.352  130.23
439.199  172.977  461.203  174.028
425.47  178.077  447.667  179.212
229.961  198.923  269.181  203.527
428.558  153.491  451.694  155.443
449.393  164.545  471.012  165.75
488.296  375.315  521.519  368.384
478.254  166.496  499.483  167.356
194.984  63.011  232.902  69.2394
430.115  146.144  452.381  148.22
89.5278  171.13  127.668  178.282
429.304  177.641  451.675  178.679
510.162  174.196  530.081  174.313
492.218  172.436  513.84  172.847
353.055  191.156  382.425  193.254
322.781  380.317  360.323  380.243
330.86  352.328  366.454  352.275
83.6349  88.8605  126.221  95.7294
489.272  140.412  510.749  142.279
428.769  145.999  452.228  148.155
460.296  155.808  480.814  157.16
211.522  86.5513  246.14  92.1542
338.459  215.203  375.452  217.282
197.144  63.5246  234.91  69.6608
352.35  195.856  383.326  197.991
437.1  351.019  470.855  346.829
475.985  171.822  497.039  172.416
211.38  86.8128  246.929  92.5565
391.658  155.599  416.977  157.987
489.095  375.219  522.202  368.188
277.422  240.067  324.352  243.277
358.717  179.628  386.745  181.847
342.502  376.318  381.033  375.397
362.743  233.589  402.944  234.795
344.295  211.239  380.243  213.339
460.021  171.476  482.308  172.412
400.781  184.56  425.667  185.892
451.465  162.933  472.916  164.155
380.497  190.927  409.661  192.653
533.805  169.642  549.214  169.409
409.845  381.916  446.712  378.093
500.252  153.548  520.449  154.693
458.362  416.165  500.52  408.929
515.2  197.226  541.437  196.528
130.919  247.7  181.556  254.778
521.837  210.438  548.284  208.947
377.302  212.205  412.881  213.638
464.925  114.034  485.807  117.012
455.982  408.618  498.125  401.718
335.391  218.535  373.695  220.727
499.225  382.245  532.583  374.523
282.636  239.344  327.512  242.389
332.94  231.74  371.115  233.702
321.037  217.666  359.175  220.069
278.746  85.617  309.568  90.7053
460.264  152.226  480.476  153.684
294.39  84.7728  327.488  90.0053
368.609  202.004  400.009  203.631
299.442  98.9036  336.712  104.202
380.537  177.996  406.97  179.859
278.792  240.141  324.352  243.277
394.485  330.396  424.912  328.45
271.963  85.2054  305.653  90.6361
326.144  212.231  363.123  214.602
309.901  207.894  345.558  210.736
385.219  385.758  424.833  382.76
222.363  209.372  261.838  214.079
519.26  212.359  545.702  210.815
448.48  170.982  470.277  172.065
379.268  183.195  406.888  184.986
301.076  210.072  336.061  212.92
337.666  218.288  375.652  220.438
456.146  160.033  476.927  161.377
501.051  130.15  521.872  132.27
381.576  178.454  407.056  180.36
265.037  426.723  319.522  428.356
442.703  175.731  463.43  176.558
374.713  211.97  410.451  213.358
425.241  155.76  448.317  157.575
395.717  142.286  419.016  144.819
232.698  145.657  271.096  150.749
365.437  216.155  398.771  217.662
145.087  224.951  197.683  231.677
428.532  211.307  463.959  211.699
402.688  211.991  438.807  212.86
249.308  241.047  295.157  245.015
292.363  201.644  326.85  204.775
331.774  346.621  367.372  346.58
428.459  226.211  463.503  226.079
498.693  383.27  531.959  375.648
86.9317  91.0314  128.719  97.8069
320.192  361.474  358.322  361.669
413.863  169.685  436.96  171.181
385.54  234.53  426.783  235.328
160.439  225.926  211.054  232.119
194.369  83.073  232.017  89.102
418.065  207.999  452.737  208.665
414.49  185.569  439.452  186.777
262.206  206.342  299.898  210.093
276.251  235.915  320.864  239.273
427.771  225.7  463.426  225.613
401.544  171.675  426.482  173.48
416.722  214.478  452.894  215
329.25  181.006  359.629  183.845
450.674  212.327  484.949  212.368
95.5279  86.6062  138.828  93.4088
235.617  195.278  274.081  199.685
280.124  78.4995  310.535  83.6756
462.962  136.665  484.573  138.9
403.043  223.321  441.346  223.885
385.807  234.695  426.792  235.349
172.523  130.416  212.528  136.414
499.319  154.157  520.404  155.221
192.34  65.0135  230.681  71.1541
398.243  215.604  434.189  216.571
416.954  208.481  451.759  209.149
238.949  245.867  284.252  249.908
388.91  169.578  414.089  171.483
353.255  190.51  382.501  192.58
383.915  374.648  423.093  372.064
446.981  150.401  468.346  152.09
89.6742  91.7784  130.213  98.4435
378.555  210.83  413.661  212.144
501.217  156.714  522.362  157.648
426.453  212.742  462.277  213.123
345.558  211.419  380.243  213.339
547.192  207.72  573.88  206.072
385.033  384.237  424.561  381.262
481.019  136.984  502.757  138.958
501.505  177.429  523.32  177.634
440.161  161.792  461.933  163.163
443.403  164.536  465.052  165.769
337.208  188.734  367.097  191.128
165.348  30.1832  198.75  36.3638
414.49  185.569  439.832  186.654
274.685  201.09  308.208  204.518
325.781  368.855  364.234  368.861
326.294  115.917  359.878  120.293
433.728  152.041  456.459  153.865
225.178  206.749  264.587  211.286
454.591  353.016  487.648  348.059
212.562  104.327  255.606  110.249
272.579  235.561  316.948  239.018
428.852  165.279  451.325  166.691
361.791  220.135  399.593  221.609
453.501  295.751  492.768  292.779
453.925  159.885  474.697  161.276
262.206  206.342  299.699  210.228
500.491  382.234  533.809  374.431
367.928  135.622  395.738  138.824
384.715  368.121  423.98  365.485
475.405  315.308  517.104  310.764
160.88  230.936  212.486  237.275
423.708  149.585  446.069  151.722
338.862  215.158  375.899  217.188
378.669  201.546  413.236  203.249
433.579  192.41  457.798  192.936
384.944  208.272  419.628  209.514
442.442  146.288  463.816  148.154
143.952  231.628  195.675  238.223
447.371  145.298  468.044  147.119
232.819  246.92  280.479  251.3
244.317  241.858  293.55  246.026
158.797  223.732  210.708  230.143
159.251  223.45  211.017  229.847
424.978  146.173  447.455  148.422
252.197  234.984  297.547  238.964
486.542  162.165  508.281  163.023
485.508  162.006  507.29  163.052
397.208  330.363  428.895  328.336
481.437  161.996  503.868  162.947
415.585  208.138  450.146  208.818
466.828  190.703  489.153  190.705
429.229  164.803  452.003  166.23
499.698  174.274  521.509  174.476
140.037  249.765  191.06  256.65
382.927  208.641  417.645  209.905
498.021  180.634  519.91  180.764
441.262  162.19  462.936  163.691
464.109  157.902  485.062  159.109
318.069  191.789  351.73  194.748
420.934  172.621  442.853  174.032
408.331  198.188  440.468  199.404
266.184  225.646  308.534  229.353
413.398  185.337  439.832  186.654
349.646  215.044  385.588  216.82
411.329  377.42  448.682  373.668
460.937  418.578  503.149  411.276
374.31  212.86  409.994  214.199
220.976  152.923  260.34  158.163
301.105  218.163  340.793  221.156
473.422  147.067  494.937  148.646
490.274  213.017  517.155  212.109
475.543  171.377  496.584  172.123
228.335  204.186  268.095  208.856
219.676  203.765  257.468  208.551
350.111  160.059  377.029  162.756
335.082  216.154  373.03  218.253
464.01  117.426  485.286  120.249
258.74  243.08  305.203  246.647
189.847  412.497  260.3  417.357
221.512  148.837  260.972  154.119
506.448  382.824  540.023  374.904
299.573  117.602  335.957  122.457
266.393  224.701  308.748  228.42
533.347  200.451  559.69  199.197
401.476  217.014  438.673  217.937
277.422  240.067  323.489  243.395
381.535  178.326  407.623  180.298
517.806  209.534  544.185  208.291
382.408  370.058  421.81  367.459
337.249  208.349  375.427  210.584
164.743  222.923  215.905  229.19
506.009  382.426  539.402  374.547
423.046  208.949  460.684  209.752
507.783  372.651  540.29  365.073
434.326  145.923  457.214  147.94
474.536  125.496  496.277  127.966
437.167  167.516  459.495  168.725
250.438  430.444  304.232  432.994
475.242  315.65  516.87  311.076
450.666  153.688  472.151  155.199
523.139  119.428  541  121.729
322.994  362.727  361.424  362.947
365.504  197.101  396.59  198.844
51.8211  111.915  78.497  118.411
261.458  206.153  298.839  210.078
276.843  210.192  313.752  213.742
504.61  193.082  526.884  192.418
143.458  232.748  195.247  239.542
394.213  333.951  424.765  331.784
438.435  169.76  460.606  170.866
380.652  241.885  421.746  242.415
194.359  61.5407  232.795  67.8979
219.05  222.4  260.762  226.995
352.458  191.301  381.793  193.336
495.655  177.801  517.382  177.881
411.265  222.599  448.803  222.961
518.298  122.777  536.455  124.948
391.351  153.851  416.683  156.149
443.896  408.338  486.031  401.964
399.986  183.888  422.485  185.088
503.765  141.579  524.522  143.325
470.322  193.844  491.844  193.623
494.546  176.204  516.278  176.362
366.484  248.48  410.608  249.222
456.269  305.41  496.151  301.829
474.944  183.821  496.582  183.918
497.719  156.941  518.931  157.864
321.875  201.693  355.71  204.418
338.634  215.416  375.875  217.423
415.348  167.236  438.335  168.955
412.073  172.37  435.298  173.765
416.366  352.602  448.774  349.14
192.063  36.2436  228.83  42.5396
253.994  230.164  298.036  234.155
500.487  382.89  533.409  375.263
441.737  173.583  463.913  174.731
157.484  246.023  206.604  252.429
478.457  201.308  506.437  200.913
411.397  386.643  450.277  382.428
511.84  160.316  532.186  160.91
485.994  378.401  518.717  371.561
430.327  151.434  453.786  153.312
499.775  174.205  521.043  174.358
411.91  411.907  449.607  407.148
391.232  344.071  423.178  342.004
418.586  158.447  440.796  160.372
259.386  231.849  303.407  235.469
258.844  214.8  298.82  218.764
175.505  156.421  215.727  162.326
552.099  214.615  576.58  212.279
158.114  83.9722  197.202  90.0828
135.695  244.828  186.254  251.837
223.066  201.296  262.942  205.89
320.783  111.245  360.59  116.367
487.668  131.287  509.277  133.416
498.565  154.72  519.323  155.932
95.5318  86.0055  138.355  92.7231
476.161  369.454  365.102  366.669
388.919  178.881  413.485  180.69
216.733  85.1807  253.493  90.8517
379.013  213.941  414.879  215.373
484.683  185.647  507.131  185.564
475.044  180.564  495.684  180.731
475.977  132.317  497.337  134.449
380.88  344.508  413.431  342.588
367.289  207.06  403.12  208.661
255.423  230.087  298.922  234.043
415.404  173.3  438.246  174.837
482.782  179.674  504.939  180.084
338.738  217.875  376.395  220.069
477.455  143.663  498.619  145.545
361.189  176.717  390.001  179.169
409.653  239.226  450.508  239.393
376.419  213.49  411.837  214.979
439.931  218.953  475.477  219.049
133.435  230.538  184.998  237.345
150.836  239.826  202.526  246.46
459.216  154.892  480.237  156.479
383.857  178.685  409.286  180.365
286.45  58.4556  318.275  64.0966
337.736  214.742  375.036  216.765
484.76  185.391  506.941  185.296
327.307  368.525  365.387  368.532
457.213  160.219  477.938  161.615
416.639  232.663  455.974  232.862
428.525  411.313  468.852  405.645
480.021  218.345  511.716  217.596
261.375  205.927  298.205  209.867
190.879  53.91  228.529  60.3187
130.901  252.591  182.142  259.783
351.708  216.047  388.709  217.747
399.845  215.274  437.278  216.064
501.464  374.008  534.173  366.677
499.152  124.431  519.722  126.73
493.2  210.118  519.41  209.297
513.02  161.393  531.496  162.073
401.421  189.923  429.553  191.395
129.834  204.593  179.686  211.646
500.956  176.981  522.645  177.001
254.978  216.098  295.585  220.166
454.906  395.119  496.188  388.884
462.541  353.847  495.307  348.767
380.512  192.158  410.081  193.957
496.85  176.35  518.588  176.447
183.911  216.712  233.094  222.286
155.166  225.112  206.766  231.65
457.994  154.917  478.723  156.238
83.7257  80.8235  126.482  87.8494
285.411  44.6234  316.543  50.5008
344.374  211.145  380.243  213.339
305.319  216.139  342.819  219.065
390.724  334.158  420.114  332.37
281.714  224.315  323.542  227.729
98.4713  203.43  134.758  210.761
472.024  373.771  506.561  367.374
460.27  133.004  481.356  135.164
481.675  186.406  503.395  186.282
74.8462  85.7018  117.044  92.4886
165.697  222.982  216.62  229.265
201.043  196.16  240.741  201.466
428.253  167.225  451.379  168.548
470.518  310.415  510.988  306.16
378.188  193.566  407.402  195.358
500.992  382.129  534.133  374.249
486.381  162.485  508.159  163.559
398.559  228.722  436.831  229.136
361.779  223.353  396.586  224.882
319.887  167.492  356.114  171.084
496.024  165.435  517.427  166.267
471.851  310.162  513.443  305.867
466.146  119.488  488.013  122.208
219.581  87.0141  254.334  92.4815
449.545  365.741  485.579  360.483
490.448  169.379  510.979  170.062
387.839  370.088  425.874  367.533
242.082  88.6128  272.244  93.9271
488.296  375.315  522.202  368.188
244.798  239.565  291.093  243.753
331.124  376.25  368.825  375.742
443.389  258.622  488.859  257.411
224.638  202.368  263.8  207.162
396.271  227.344  435.322  227.864
393.181  331.202  423.276  329.384
444.349  169.505  466.499  170.798
430.018  163.423  452.8  164.826
341.029  181.294  370.527  183.992
465.244  317.572  506.919  313.511
457.119  410.8  498.932  403.691
447.931  267.052  493.741  265.413
360.231  177.197  389.271  179.387
474.536  125.496  496.777  127.945
425.124  150.311  448.082  152.513
390.15  333.607  419.966  331.859
149.984  237.686  201.709  244.367
355.527  192.541  385.936  194.791
219.636  84.8601  256.253  90.4784
497.738  371.818  530.328  364.744
337.884  214.703  374.964  216.692
305.438  245.422  349.965  248.003
267.626  85.918  297.391  90.8533
377.516  212.915  413.113  214.123
387.21  173.249  414.818  175.1
500.378  373.471  533.11  366.227
383.039  239.542  423.949  240.028
501.431  163.465  522.754  164.026
417.42  190.07  450.685  191.205
396.586  329.341  426.746  327.446
112.641  261.707  165.973  269.2
182.368  228.387  232.567  234.26
218.223  89.1985  254.784  94.7603
280.959  240.371  327.747  243.684
392.725  333.836  422.456  331.994
230.466  107.018  266.001  112.531
470.238  364.543  504.276  358.817
367.928  135.622  394.365  138.665
403.017  345.865  435.5  343.342
427.603  226.108  463.173  225.914
539.63  177.118  554.375  176.326
457.181  161.214  477.688  162.592
147.241  224.945  199.994  231.722
406.514  179.482  430.479  181.041
296.311  213.897  334.644  216.774
450.106  164.722  471.012  165.75
392.231  334.3  422.456  332.466
442.362  263.659  487.799  261.978
329.415  384.972  366.831  384.755
391.519  333.32  421.017  331.542
147.5  224.705  199.692  231.467
368.514  178.437  398.224  180.492
447.741  163.827  469.372  164.946
71.28  100.174  105.353  106.528
392.634  156.079  418.598  158.272
158.017  240.47  209.477  246.953
281.277  225.085  323.012  228.522
408.67  244.373  449.195  244.43
458.974  151.96  480.024  153.702
400.172  341.303  431.374  339.017
472.702  198.312  500.46  198.065
464.445  173.538  484.802  174.044
281.004  81.6447  310.949  86.6221
389.332  169.276  414.502  171.42
431.587  212.892  466.878  213.061
223.836  211.637  263.595  216.419
426.895  220.404  462.454  220.408
141.522  230.703  193.739  237.618
477.468  146.923  499.284  148.414
344.017  366.88  381.174  365.931
226.8  206.714  266.948  211.145
322.94  230.414  361.82  232.425
139.725  250.4  190.116  257.37
195.193  84.6763  232.616  90.7783
66.5537  129.043  99.8019  135.681
365.669  195.317  396.802  197.377
374.005  212.009  409.641  213.293
166.454  236.195  217.5  242.47
397.282  210.19  433.157  211.44
363.199  137.352  390.927  140.447
161.023  228.649  212.376  234.73
306.93  92.4474  340.638  97.7397
449.305  429.761  491.553  422.455
415.345  208.023  450.009  208.627
483.403  182.447  505.423  182.436
265.663  225.155  308.612  228.631
361.19  177.946  390.063  180.072
386.118  234.353  426.907  234.897
499.426  154.61  520.817  155.562
389.629  208.34  424.074  209.392
168.261  225.614  219.061  231.513
212.439  87.1549  248.524  93.0658
441.951  175.807  463.43  176.558
543.964  158.939  558.669  158.944
140.037  249.765  190.653  256.734
464.6  174.062  485.098  174.543
310.004  205.045  344.987  208.038
202.495  206.947  242.31  212.216
324.185  153.516  357.51  156.903
495.061  371.889  527.895  364.946
167.536  222.972  219.05  229.267
460.072  125.535  480.931  127.934
429.411  145.909  451.696  147.853
147.184  224.48  199.462  231.27
464.249  169.941  485.63  170.981
475.07  170.562  496.324  171.083
222.785  204.81  262.299  209.669
462.913  169.539  483.928  170.228
433.578  213.97  468.881  214.05
171.027  146.492  210.969  152.186
281.527  99.5559  306.712  104.219
468.788  364.722  502.108  359.094
499.014  153.703  520.449  154.693
455.933  353.454  488.639  348.329
377.442  196.127  407.45  197.938
499.915  383.441  533.283  375.512
382.925  201.961  414.163  203.196
452.346  176.995  473.952  177.567
481.374  181.564  503.252  181.598
411.734  238.221  451.745  238.416
462.659  169.826  483.839  170.512
346.219  360.969  383.443  360.366
459.57  313.825  499.18  309.765
236.383  98.1162  268.412  103.504
349.422  215.179  386.148  217.255
344.859  206.84  379.509  209.133
493.617  148.364  515.241  149.639
188.535  404.632  259.483  409.267
104.896  212.713  142.022  220.066
426.792  216.664  461.979  217.143
439.423  171.801  461.447  172.734
443.115  164.195  464.733  165.702
496.388  184.224  518.367  183.952
274.829  223.635  316.454  227.257
360.403  198.931  391.206  200.621
426.448  178.105  449.515  179.044
505.348  119.793  526.198  122.245
462.791  170.444  482.766  171.044
368.287  212.716  403.732  214.067
228.61  242.732  277.486  247.005
342.299  199.219  374.417  201.266
479.187  212.646  507.18  211.704
449.229  169.156  471.141  170.436
452.005  417.052  495.044  410.299
227.137  366.014  293.721  369.616
432.224  213.2  467.378  213.318
389.564  331.896  419.366  330.246
336.11  215.628  373.838  217.612
108.37  260.274  161.435  267.842
471.046  115.289  491.623  118.028
286.755  46.6313  317.28  52.3576
479.046  123.707  501.119  126.158
147.173  223.721  199.422  230.523
474.787  181.055  496.42  181.174
385.879  234.57  426.902  235.098
221.397  208.404  260.779  213.276
296.608  245.246  344.109  247.754
247.027  216.278  285.94  220.531
71.8143  41.9133  117.59  48.789
263.045  205.686  300.069  209.667
526.357  203.605  553.013  202.609
341.359  222.505  378.377  224.599
337.915  372.359  380.371  371.821
300.467  208.984  338.59  211.816
293.249  240.344  339.193  243.385
371.365  218.435  410.793  219.682
494.751  128.099  515.829  130.217
483.271  182.626  505.334  182.585
328.959  218.4  367.071  220.874
419.143  169.285  441.461  170.953
280.502  236.315  325.746  239.313
500.025  153.296  521.339  154.27
391.962  327.532  422.144  325.89
462.812  133.787  483.798  135.829
478.421  130.072  500.152  132.631
165.779  142.227  205.938  148.401
193.06  36.638  228.517  42.7223
366.793  195.765  396.802  197.377
166.935  29.8419  200.168  36.1454
482.127  140.084  503.957  141.792
453.629  352.311  487.235  347.683
466.973  172.96  489.514  173.931
461.367  116.629  482.555  119.787
450.987  336.468  483.008  332.023
259.461  245.223  302.29  248.57
412.424  414.204  452.059  409.198
212.965  360.661  277.644  364.539
389.46  339.891  422.384  338.056
498.392  377.998  531.036  370.736
414.492  373.471  452.421  369.363
225.474  155.126  264.772  160.398
495.492  127.576  517.114  130.157
149.084  224.309  201.299  231.08
293.897  112.736  337.517  117.895
86.4001  75.7806  129.963  82.909
255.69  238.13  302.274  242.139
276.627  41.316  307.577  47.1475
510.609  195.976  536.674  195.562
91.7073  198.587  127.812  205.658
219.984  142.935  259.526  148.419
221.634  85.193  257.566  90.6906
395.709  379.662  436.027  376.151
503.758  177.007  524.54  176.872
138.851  83.8482  178.964  90.0322
428.134  219.284  463.902  219.264
452.998  352.258  486.152  347.246
473.471  180.526  495.62  181.115
322.872  196.658  355.483  199.526
220.48  143.211  260.189  148.698
304.221  206.225  339.015  209.339
299.166  117.709  335.162  122.661
402.74  330.439  434.194  328.342
512.069  161.135  532.699  161.601
241.761  99.6655  276.045  105.185
440.888  165.125  463.241  166.259
176.082  95.2311  209.256  100.673
453.705  425.498  495.704  418.058
430.398  152.295  452.867  154.419
504.547  216.549  532.007  214.948
499.349  175.775  520.915  175.776
428.76  141.399  451.481  143.491
83.4136  89.0255  126.221  95.7294
158.797  223.732  211.017  229.847
345.558  211.419  381.327  213.663
440.875  264.73  486.532  262.991
461.279  163.011  482.821  164.391
383.809  178.303  409.91  179.93
185.16  66.4675  223.559  72.9012
92.0036  105.605  131.118  112.067
224.003  87.1164  258.99  92.5015
369.935  153.259  397.652  155.809
492.426  216.716  522.194  215.395
113.537  261.822  167.618  269.229
89.178  90.883  129.529  97.8304
477.767  366.279  512.493  360.239
353.255  190.51  382.542  192.875
302.563  214.529  339.359  217.159
134.663  201.261  183.271  208.261
415.19  374.398  453.977  370.647
362.074  178.818  391.048  180.864
147.031  223.905  199.43  230.745
502.678  188.189  524.086  187.604
463.031  416.8  505.486  409.124
221.911  211.635  261.339  216.506
90.9421  200.792  127.115  208.343
466.478  422.202  508.76  414.65
430.337  162.809  453.091  164.603
230.619  232.771  277.679  237.014
186.287  65.3405  224.594  71.3267
386.25  186.838  415.249  188.307
317.078  210.206  353.54  212.606
507.14  198.058  532.929  197.153
280.918  103.585  308.987  108.424
376.827  200.696  407.321  202.46
403.139  215.418  440.989  216.054
511.323  183.594  530.916  183.007
339.911  371.405  378.383  370.933
280.575  104.027  308.987  108.424
194.638  64.1602  232.893  70.1381
423.899  355.53  459.487  351.513
426.621  211.9  462.378  212.147
308.335  93.4793  341.159  98.7375
271.401  208.22  308.276  211.571
419.302  208.255  455.683  208.778
348.166  362.969  384.331  362.328
428.7  164.593  451.521  165.89
161.318  247.983  213.021  254.448
279.308  61.2438  309.799  66.6028
220.488  142.831  260.015  148.331
414.492  373.471  452.891  369.325
474.778  153.558  496.318  154.722
136.986  221.011  189.704  228.103
386.436  213.623  422.071  214.561
389.84  242.723  431.156  242.887
478.716  142.031  500.519  143.649
392.217  142.818  417.233  145.758
465.622  367.424  499.224  361.418
491.387  164.197  513.073  165.239
222.078  149.938  261.062  154.848
375.212  218.518  412.611  219.59
167.628  222.234  218.992  228.583
283.271  58.7411  313.763  64.6268
147.185  223.559  199.503  230.406
495.984  184.282  518.082  183.968
138.32  247.116  189.211  254.189
537.714  199.503  564.055  198.085
147.329  223.241  199.62  230.085
228.777  141.762  268.228  147.18
458.42  142.777  479.246  144.934
452.665  162.557  473.874  164.05
286.607  58.7602  317.982  64.2435
456.153  135.361  477.275  137.356
340.683  225.977  378.796  227.599
195.739  83.5819  233.198  89.7644
429.302  213.249  464.721  213.377
459.839  168.229  480.313  168.917
310.47  200.098  344.418  203.2
447.478  164.661  469.531  165.696
486.656  184.411  508.708  184.211
321.801  183.615  359.23  186.495
153.879  253.425  205.338  260.099
341.021  170.446  370.219  173.464
258.175  89.3476  285.657  94.4939
160.267  29.6964  196.01  36.2468
391.603  207.381  426.738  208.866
389.55  218.055  426.936  218.848
310.222  205.042  344.737  208.081
377.725  211.076  413.23  212.24
273.647  91.8267  303.054  97.0111
536.184  198.216  562.828  196.89
301.876  244.733  349.308  247.071
71.4586  100.274  104.603  106.976
197.331  104.716  234.05  110.646
218.241  222.782  263.071  227.329
274.829  223.635  316.218  226.82
473.76  184.235  495.431  184.196
391.024  369.445  429.948  366.357
495.577  127.486  516.635  129.58
430.631  212.658  465.824  212.771
526.67  215.733  553.103  213.714
150.633  230.559  202.901  237.328
92.5856  99.7693  133.989  106.32
224.385  269.754  266.052  273.808
460.085  353.267  492.179  347.932
478.177  166.785  499.483  167.356
430.031  213.702  465.409  213.792
78.2084  186.498  110.017  194.017
76.8036  64.0195  120.243  71.1924
109.65  266.654  161.84  274.164
147.481  223.617  199.832  230.471
223.656  146.966  261.034  151.791
482.304  212.929  511.154  211.889
478.789  166.672  500.042  167.236
340.946  181.75  369.486  184.503
533.918  143.959  550.907  145.32
408.863  233.397  448.345  233.364
274.926  223.137  316.218  226.82
153.261  209.561  203.91  215.75
137.946  207.304  187.256  214.291
463.728  168.63  484.284  169.757
62.2541  166.872  86.7639  174.122
366.513  197.198  397.612  199.278
427.511  146.236  450.549  148.153
311.515  123.037  347.242  127.806
525.438  195.474  551.41  194.398
160.576  225.457  212.312  231.479
299.056  216.036  335.428  218.669
337.354  214.736  375.899  217.188
344.997  164.325  374.244  167.447
356.264  416.226  403.915  413.532
117.786  205.266  155.427  212.352
328.825  372.72  367.159  372.738
384.768  208.821  420.221  209.899
385.406  176.445  410.595  178.538
389.512  218.891  426.797  219.641
457.68  409.313  499.874  402.097
499.571  375.437  532.278  367.744
400.53  343.493  431.343  341.247
396.307  182.085  424.103  183.979
468.385  162.174  489.71  163.542
190.989  69.3138  229.485  75.7542
484.529  173.301  506.257  173.544
141.167  248.763  191.896  255.785
486.656  184.411  508.924  184.201
534.945  169.988  550.814  169.53
193.147  84.0368  230.603  90.2468
508.076  382.693  541.387  374.883
370.607  164.085  398.715  166.842
505.456  372.958  539.005  365.08
349.151  307.338  373.68  307.1
412.374  168.236  435.675  169.603
435.9  167.748  458.427  168.809
539.1  151.819  553.319  152.619
306.93  92.4474  339.554  97.7533
385.854  234.208  426.089  234.658
388.854  328.522  418.719  327.038
427.189  219.467  462.9  219.404
368.06  178.143  397.85  180.112
276.241  55.8209  306.529  61.7728
230.257  141.95  269.386  147.361
138.594  207.26  188.362  214.262
236.507  234.322  283.081  238.357
484.672  184.482  506.914  184.285
371.328  242.215  411.449  242.769
383.561  166.249  410.721  168.748
203.811  244.038  251.704  248.837
461.901  169.911  482.766  171.044
392.052  230.869  431.977  231.268
340.454  146.056  368.19  149.048
463.274  162.274  484.115  163.133
480.978  105.189  498.528  108.039
256.266  230.22  301.211  234.34
505.481  141.54  526.296  142.899
408.29  369.924  446.442  366.09
388.451  187.76  416.663  189.09
504.918  192.827  526.97  191.987
460.984  165.926  482.351  166.695
343.186  164.211  373.17  167.415
428.091  211.534  463.24  211.7
320.306  107.326  359.114  112.651
502.124  159.159  522.594  159.734
317.017  169.018  350.722  172.639
193.663  90.0297  231.044  96.1931
496.199  179.716  518.246  179.548
304.943  112.788  341.429  117.909
383.807  371.976  422.871  369.662
417.858  158.265  439.965  160.364
386.118  234.353  426.792  235.349
317.92  109.102  356.567  114.383
517.097  105.182  536.752  108.136
393.735  232.21  434.546  232.545
264.035  215.996  305.091  220.034
537.897  175.727  552.639  174.896
323.08  221.162  361.165  223.784
85.3316  90.7957  126.922  97.9121
224.001  156.74  263.18  162.084
448.815  167.55  470.779  168.421
345.607  360.969  382.722  359.926
456.275  155.059  477.251  156.256
434.204  220.1  470.258  219.87
487.156  184.466  508.924  184.201
463.715  369.494  495.551  364.07
493.33  156.467  514.833  157.287
285.064  229.755  326.411  233.149
196.575  140.583  235.423  146.404
274.081  92.9186  304.208  98.1774
237.024  448.832  287.614  451.85
502.02  166.216  523.127  166.506
122.805  228.455  174.216  235.928
249.208  254.46  291.271  258.464
533.37  202.013  559.515  201.058
469.557  146.728  490.985  148.727
149.76  118.916  189.457  125.396
471.049  117.764  492.559  120.365
306.291  113.861  342.426  118.937
561.351  356.204  584.897  347.492
253.428  236.734  298.615  240.285
274.519  224.024  316.134  227.75
143.382  235.345  195.627  242.341
393.996  329.951  423.845  328.277
499.436  163.598  520.809  164.038
453.003  309.823  494.213  306.006
309.531  112.924  345.722  118.01
156.099  217.37  207.915  224.061
531.064  216.715  556.827  214.503
429.154  212.36  464.436  212.464
430.479  213.315  465.748  213.358
283.855  61.3809  314.44  66.6827
471.955  373.854  505.768  367.912
395.028  325.148  425.417  323.539
401.247  219.158  439.445  219.654
478.967  222.404  510.052  221.062
201.533  143.929  241.36  149.729
226.619  87.0933  260.939  92.3425
441.441  265.034  486.966  263.187
413.199  384.99  450.796  381.185
465.559  131.892  486.862  133.916
70.7833  81.9584  112.413  88.5517
293.098  84.928  326.447  90.5311
510.778  379.843  544.356  371.448
296.488  221.864  337.572  225.14
367.334  151.554  395.01  154.7
203.312  206.704  243.069  212.079
114.882  95.817  155.477  102.08
464.991  190.539  487.799  190.377
432.785  212.086  467.485  212.712
429.489  145.812  451.35  147.612
392.717  345.782  429.329  343.128
442.061  259.969  487.46  258.897
233.959  205.773  273.034  210.507
494.851  128.006  515.996  130.025
285.274  236.652  330.692  239.433
452.116  408.928  494.667  401.929
485.477  212.341  513.88  211.2
461.987  354.686  494.491  349.168
383.763  187.079  412.288  188.484
293.704  86.2076  326.795  91.1535
451.325  129.333  472.437  131.521
410.237  374.092  448.677  370.038
460.886  124.977  481.867  127.275
479.112  202.05  506.742  201.405
458.004  170.454  476.369  171.532
359.669  214.225  395.914  216.231
229.318  198.505  268.451  202.781
84.3681  88.7394  126.111  95.8934
402.154  218.503  440.161  218.984
216.211  246.971  272.347  252.145
302.084  222.919  342.442  225.424
232.698  231.431  272.153  236.012
192.972  248.777  241.394  254.429
457.292  267.801  501.863  265.41
472.874  184.095  494.428  184.001
382.714  358.095  417.273  355.613
74.1349  87.344  114.798  94.4937
380.337  232.777  420.802  233.346
396.598  339.012  428.801  337.044
163.067  140.159  199.976  145.686
481.86  379.223  515.603  372.709
262.411  206.172  300.069  209.667
229.447  204.42  268.825  209.279
489.549  150.384  511.198  151.475
445.737  172.388  467.778  173.728
450.076  128.471  470.764  130.662
484.244  207.391  512.295  207.085
193.484  91.9078  230.801  98.0903
366.17  150.183  128.82  138.745
484.293  211.344  512.399  210.24
227.397  179.292  266.806  183.773
391.007  155.182  416.12  157.859
255.564  215.087  295.711  219.328
530.694  191.266  556.226  190.234
129.424  203.775  178.961  210.373
378.095  200.012  410.439  201.929
491.719  178.845  513.545  178.718
278.602  86.8451  308.053  92.1832
413.558  373.572  452.421  369.363
337.753  192.582  367.694  195.284
146.126  225.796  198.243  232.747
143.991  104.296  184.695  110.96
368.854  152.487  397.503  155.663
411.265  222.599  449.826  222.771
567.685  195.66  585.926  193.599
473.076  205.416  500.442  204.712
249.432  236.984  296.291  241.276
504.358  397.096  538.342  388.983
157.9  231.598  209.611  238.256
343.291  212.364  379.898  214.112
413.147  189.199  444.614  190.837
384.136  375.436  423.284  373.083
370.607  164.085  399.698  166.953
287.881  94.712  323.941  100.339
398.629  212.613  435.509  213.297
452.329  409.151  494.994  402.11
371.948  247.86  412.019  248.846
201.24  142.579  241.181  148.427
463  406.557  505.759  399.737
70.1357  69.7974  110.872  76.8991
388.156  230.134  427.755  230.574
362.377  176.512  390.692  179.135
474.873  145.324  496.174  146.712
197.955  67.2371  235.46  73.0169
142.619  205.229  191.361  212.177
404.214  222.543  442.681  222.848
529.665  217.405  555.904  215.164
269.989  81.6904  300.133  86.5419
458.666  132.676  479.967  134.678
436.808  237.367  484.82  236.703
445.548  424.351  488.177  417.205
385.707  178.669  410.655  180.763
386.748  369.843  425.024  367.523
148.957  241.001  200.435  247.889
468.299  422.043  510.258  414.529
230.068  205.196  269.386  210.053
614.78  88.0124  586.951  88.8443
64.5069  88.6482  100.93  94.9399
456.872  408.692  499.874  402.097
191.392  65.9918  229.712  72.5285
405.235  181.343  430.207  183.086
222.662  163.345  262.186  168.713
495.492  127.576  516.635  129.58
483.935  183.433  506.211  183.223
178.455  146.451  218.571  152.577
279.416  41.381  310.346  47.0915
297.284  213.44  334.644  216.774
286.574  101.698  316.269  106.084
487.196  129.144  508.578  131.131
62.826  89.1414  98.8403  95.4194
102.819  213.134  139.806  220.689
155.824  442.281  214.953  449.083
441.696  175.386  463.076  175.986
417.349  352.918  449.585  349.862
183.635  228.59  234.488  234.631
112.42  276.535  167.175  283.955
510.814  102.046  529.535  105.709
198.328  179.771  238.16  184.736
445.417  325.49  480.638  322.088
498.856  184.662  520.315  184.163
456.477  146  477.439  148.16
422.153  174.809  444.153  175.709
289.736  100.291  322.954  105.612
504.87  122.222  525.774  124.411
451.507  424.185  494.067  416.739
509.845  194.91  530.694  193.794
250.952  237.15  298.026  241.429
402.926  207.086  438.417  207.8
499.337  420.727  540.231  411.775
458.435  408.81  500.79  401.481
296.204  245.38  344.109  247.754
460.926  135.483  482.034  137.335
391.171  375.853  430.744  373.198
81.017  93.7364  121.137  100.866
185.371  64.8227  223.993  71.4171
147.124  225.002  198.992  231.255
170.508  248.648  220.047  254.951
552.553  214.803  576.941  212.213
451.271  133.129  472.88  135.163
494.367  162.595  515.76  163.073
496.234  185.822  518.361  185.33
253.625  205.447  291.263  209.792
269.102  216.687  308.884  220.642
385.086  223.261  424.413  223.937
298.633  207.703  339.16  211.22
426.836  163.374  449.985  164.628
420.606  254.31  467.197  253.341
277.384  77.2039  308.27  82.1572
199.703  106.027  234.699  111.929
298.894  244.447  346.473  246.754
496.717  140.161  518.422  141.611
367.497  162.359  394.976  165.263
199.905  194.913  239.781  200.47
169.445  252.468  219.173  258.807
276.574  246.249  325.504  249.819
165.099  118.402  205.5  124.131
292.143  87.0466  325.008  91.9092
440.424  288.776  480.063  286.004
451.634  236.209  498.705  235.221
472.405  220.703  503.453  219.492
484.045  375.807  517.388  369.365
525.234  114.086  543.379  117.126
401.647  224.741  440.839  225.018
370.246  360.93  405.488  359.563
232.379  351.866  291.696  355.689
496.388  170.094  517.862  170.222
456.18  221.467  491.43  220.659
329.102  208.574  365.595  211.365
476.747  222.071  507.057  220.699
223.662  150.714  262.697  155.47
529.119  216.625  555.576  214.404
440.028  170.144  462.312  171.691
458.865  417.142  500.708  409.545
192.517  36.2167  228.168  42.8923
343.744  211.572  379.082  213.98
390.79  187.46  418.373  189.378
393.709  324.865  423.961  323.377
441.335  165.553  463.029  166.483
80.0346  197.671  111.02  205.398
252.705  447.301  307.693  449.163
498.378  139.637  519.885  141.076
193.621  90.2975  230.938  96.5441
210.513  97.5066  246.01  103.466
126.934  92.9072  168.388  99.0763
306.784  245.978  351.896  248.742
428.938  164.787  451.711  165.935
81.9314  95.7441  121.796  102.884
237.374  103.513  271.236  109.134
474.379  174.049  495.307  174.98
299.781  244.503  346.473  246.754
418.808  173.181  441.886  174.94
241.832  241.931  287.776  245.643
293.709  84.1213  327.398  89.8395
147.98  222.986  200.057  229.946
440.45  425.804  473.688  420.014
474.937  173.693  496.447  174.662
283.719  224.377  325.594  227.985
162.72  229.566  214.042  235.401
415.982  232.35  455.038  232.06
127.543  92.9614  168.388  99.0763
319.38  109.053  357.791  114.412
393.158  214.109  429.986  214.796
401.091  381.726  440.19  377.801
411.734  238.221  451.485  238.606
495.827  134.779  516.762  136.403
448.193  133.662  469.352  135.636
351.316  376.066  390.234  375.178
269.325  217.126  309.55  221.113
335.66  253.702  366.694  255.374
346.49  129.086  376.811  133.243
292.629  234.336  339.322  236.931
224.392  211.448  263.595  216.419
81.052  114.898  119.949  121.344
398.507  208.575  433.818  209.278
483.418  184.628  505.354  185.082
198.195  245.304  241.188  250.815
381.879  380.018  421.514  376.95
475.409  180.432  496.951  181.142
325.193  210.344  359.157  213.118
399.734  192.632  427.372  194.284
409.835  377.692  446.639  374.31
461.085  169.159  481.423  169.647
520.995  161.119  539.185  161.976
207.984  155.957  247.526  161.649
516.978  105.091  536.889  107.962
459.47  417.229  501.336  409.576
365.923  200.418  396.779  201.777
90.2371  103.566  127.602  110.535
176.932  148.14  216.683  154.311
305.869  246.446  355.637  248.548
507.932  174.436  528.309  174.166
82.4359  93.9047  122.682  101.075
72.8428  137.962  105.964  145.171
148.101  222.337  200.142  229.309
408.29  369.924  445.683  366.775
362.286  240.127  413.914  241.064
102.807  199.833  139.491  207.302
347.047  164.946  375.606  167.344
396.301  289.559  437.598  288.055
475.114  120.874  496.555  124.01
379.483  377.208  418.463  374.306
178.659  227.791  228.866  233.995
421.748  142.421  443.934  144.327
301.252  224.51  342.381  226.94
439.025  259.053  484.61  257.395
495.053  147.927  516.955  149.014
91.65  104.062  128.583  111.006
117.32  99.849  158.191  106.817
439.185  169.22  461.51  170.045
507.642  201.341  529.476  199.963
139.557  246.236  188.824  253.414
189.51  69.9905  227.655  75.7356
469.796  112.31  491.443  115.041
168.447  225.899  219.224  231.566
381.671  193.633  411.473  194.845
506.331  154.341  527.205  154.989
225.523  205.261  264.777  210.277
193.455  139.072  233.31  145.112
494.343  181.135  516.286  180.8
195.983  412.068  263.438  416.256
92.4113  90.6484  137.414  98.0662
468.024  184.649  489.655  184.511
268.55  82.2147  302.758  88.1031
391.366  207.608  425.805  209.232
468.745  131.558  489.967  133.465
480.021  218.345  510.864  217.033
351.886  418.05  399.673  415.386
487.976  128.882  509.313  130.805
464.012  134.881  485.264  136.683
515.146  119.51  534.633  121.632
80.5104  94.2434  120.286  101.419
378.778  377.283  417.695  374.397
307.221  205.667  341.301  208.906
436.449  169.159  459.093  170.025
244.525  218.578  286.086  223.148
341.983  380.922  380.204  380.423
229.318  198.505  269.181  203.527
500.953  105.477  522.2  109.241
508.181  102.112  526.634  104.998
440.406  170.912  462.497  171.641
333.503  232.107  370.337  234.381
199.183  106.303  234.639  112.295
439.084  263.961  484.545  262.1
463.903  137.697  485.111  139.379
224.193  207.51  263.515  212.549
109.104  374.749  181.871  382.652
180.271  228.887  230.616  235.071
413.68  186.007  440.959  187.661
256.849  121.728  291.167  127.026
284.384  82.2853  314.553  87.0069
380.432  337.363  410.968  335.326
167.634  224.898  218.529  230.573
197.761  104.16  233.88  110.23
306.275  105.253  339.508  110.467
350.437  215.929  387.567  217.371
220.336  221.054  263.718  226.197
456.66  365.389  493.68  360.391
511.199  396.986  545.416  388.654
461.021  126.205  481.886  128.33
526.379  195.382  551.553  194.943
439.587  262.866  485.234  261.026
295.734  214.951  333.522  218.391
179.152  139.587  218.749  145.799
409.582  369.695  445.944  366.556
476.333  148.536  498.185  149.717
280.455  127.942  316.244  132.18
470.363  122.788  492.141  125.916
234.619  99.3675  268.485  105.114
462.02  415.213  504.368  407.438
193.489  66.0843  231.403  72.6741
305.319  216.139  343.877  219.383
110.305  267.743  163.288  275.071
374.587  149.68  403.907  152.161
433.971  159.533  456.709  160.744
324.561  157.734  356.663  161.568
405.519  271.066  442.03  269.747
455.71  352.185  489.458  347.699
138.851  83.8482  179.536  90.714
148.826  225.48  201.089  232.477
76.2164  183.873  107.026  190.683
507.944  175.137  528.245  174.792
210.865  86.8854  245.468  92.093
248.776  215.422  288.499  219.903
225.484  208.361  264.477  213.373
523.266  159.864  541.192  160.789
450.12  164.923  472.076  165.724
443.144  266.597  488.636  264.516
369.054  209.44  404.613  210.625
423.488  231.79  462.72  231.309
488.826  197.668  516.134  197.779
431.143  375.929  468.189  371.714
464.042  353.279  495.989  347.605
509.711  173.767  530.143  173.464
564.598  190.895  578.215  188.81
342.365  216.887  379.414  219.325
491.512  179.872  513.554  179.6
432.124  294.391  469.383  292.475
233.259  201.376  272.763  206.309
269.11  203.798  309.457  208.031
235.685  107.887  267.835  113.418
83.6858  81.208  126.608  88.5499
216.22  219.186  255.395  224.343
500.846  159.334  521.958  159.786
389.687  330.111  419.162  328.742
494.48  129.279  515.814  131.12
363.462  179.164  392.52  180.968
364.844  327.854  395.057  326.54
130.956  203.616  178.545  210.885
414.406  231.213  454.517  230.956
474.232  173.262  495.259  174.3
279.761  240.69  326.763  243.433
393.571  330.78  423.482  329.255
454.837  418.644  498.159  411.058
465.406  354.064  498.343  349.172
389.385  227.535  429.565  227.925
473.287  196.312  500.241  195.825
338.823  217.549  376.395  220.069
467.107  169.923  487.321  170.245
138.676  84.2134  179.265  91.0905
450.95  140.26  471.601  141.871
480.057  156.183  501.93  156.995
488.01  176.827  509.842  176.703
467.705  114.295  489.75  116.93
44.2626  238.647  90.4151  248.302
130.718  231.886  182.338  238.439
419.098  259.619  464.035  258.381
397.155  224.177  437.19  224.498
403.186  340.259  435.365  338.153
195.482  240.024  234.881  245.622
466.253  119.416  487.713  121.802
168.447  225.899  219.061  231.513
357.578  199.937  389.666  202.339
105.966  211.904  142.812  219.483
105.222  99.5259  147.122  106.708
490.507  406.203  526.843  397.56
414.994  167.341  437.569  169.387
252.495  86.5756  275.113  91.6444
245.238  418.037  298.83  420.337
503.973  372.626  535.412  365.596
196.936  104.986  232.533  111.058
367.651  224.298  405.849  226.086
221.909  211.401  261.339  216.506
223.871  153.923  262.59  158.535
191.648  171.052  231.659  176.063
467.681  115.495  489.405  118.048
493.823  98.7871  511.301  101.713
302.036  90.2414  334.931  94.9068
228.484  97.8477  262.885  103.718
434.733  224.123  469.799  224.457
457.807  337.427  485.446  332.506
460.263  120.33  481.155  123.58
102.877  87.498  146.247  94.7879
148.322  224.899  200.737  231.946
414.744  231.25  454.517  230.956
429.917  165.77  452.597  166.777
384.381  233.733  424.567  234.031
400.98  340.247  433.323  338.234
493.429  98.7607  511.301  101.713
474.919  178.565  496.662  179.442
447.021  126.208  468.174  128.384
517.097  105.182  536.889  107.962
455.76  169.346  475.002  170.688
509.736  164.076  530.536  164.191
181.947  228.583  232.662  234.786
512.545  198.162  538.788  197.883
521.679  116.95  539.837  119.03
93.1119  182.054  130.137  188.699
381.219  182.88  408.235  185.148
95.0491  96.843  137.035  104.118
381.302  231.236  421.984  231.681
461.452  333.164  496.585  328.14
134.776  208.273  184.429  214.619
463.022  168.646  483.94  169.076
269.185  216.813  308.255  220.863
401.522  212.354  438.807  212.86
71.0615  69.3654  111.935  76.6126
432.478  212.396  466.998  213.181
485.903  135.197  507.579  137.759
171.843  249.419  220.718  255.8
390.066  171.212  415.328  173.603
497.377  255.085  539.284  252.029
340.1  356.744  377.676  355.785
339.234  372.107  378.383  370.933
84.6672  109.531  124.407  116.817
566.243  201.816  586.226  199.379
288.872  27.4422  320.01  33.3943
488.585  139.365  510.349  140.787
406.211  344.81  436.163  342.546
442.343  220.998  473.282  221.189
539.07  199.83  564.055  198.085
289.535  27.0364  320.651  32.9973
394.114  231.583  435.602  232.703
479.443  158.618  501.088  159.295
458.714  122.98  479.754  125.201
302.655  223.832  343.455  226.153
495.919  142.17  517.653  143.414
521.818  158.028  540.173  159.121
384.532  173.435  410.325  175.87
475.252  138.566  496.365  140.065
103.138  211.109  140.151  218.779
250.09  235.86  294.974  239.305
475.642  316.059  516.87  311.076
435.956  172.912  456.039  173.465
492.247  100.648  509.711  103.467
419.038  232.488  458.919  232.042
500.081  201.429  525.206  200.206
328.88  381.87  366.909  382.016
71.0981  18.0562  110.484  24.045
139.3  251.037  190.116  257.37
360.427  375.475  399.74  374.298
333.565  277.269  354.613  278.648
481.201  185.645  504.097  185.26
387.425  187.172  415.249  188.307
239.361  203.036  274.514  207.746
156.768  232.323  207.922  239.159
393.183  330.25  422.888  328.797
436.256  275.484  483.475  274.196
198.732  249.521  247.804  255.203
85.8054  83.0628  128.495  90.4328
189.659  114.72  226.211  120.868
183.16  228.484  233.791  233.701
453.737  143.585  475.017  145.043
505.74  100.42  525.693  103.419
192.076  116.661  227.45  122.705
485.608  125.418  506.625  127.398
517.802  120.861  535.144  122.682
67.8046  138.653  100.455  146.019
282.52  317.663  315.449  319.336
509.997  174.646  530.384  174.24
460.962  350.031  492.576  344.523
521.007  103.466  539.118  106.174
164.029  236.247  213.753  242.881
456.524  236.083  502.11  235.817
512.726  164.887  533.285  164.888
490.401  209.759  518.365  208.429
378.686  347.836  411.455  346.554
514.188  137.119  532.215  138.233
290.631  126.67  326.567  130.779
461.268  127.892  482.021  129.863
367.642  135.292  394.617  138.031
283.271  58.7411  315.065  63.9926
466.726  114.402  488.785  116.982
345.305  200.892  377.538  203.546
202.647  209.493  242.424  215.074
467.281  168.255  488.667  168.636
467.767  113.013  489.586  115.628
366.583  196.943  397.612  199.278
293.665  198.445  329.078  201.185
235.248  237.082  280.394  240.853
179.153  150.273  219.28  156.544
168.753  234.95  219.454  241.499
201.287  198.722  241.206  204.388
310.724  93.6222  342.387  99.0645
474.764  124.823  496.777  127.945
455.792  374.264  492.963  369.117
396.702  233.649  437.411  233.643
84.3939  41.0052  126.054  48.2367
398.825  326.256  430.598  324.686
335.925  172.008  365.178  174.312
390.219  223.896  430.219  224.306
250.915  441.477  305.7  443.313
501.564  177.228  522.793  176.829
211.615  107.304  248.157  113.368
380.54  378.519  419.792  375.418
465.844  373.037  500.325  367.579
436.291  170.466  458.823  171.178
388.425  217.557  424.047  218.063
477.05  200.103  504.342  199.347
281.776  44.2107  312.583  49.6749
179.377  227.141  229.718  233.456
180.716  228.924  231.548  235.212
177.812  150.245  217.871  156.54
491.815  217.108  522.094  215.501
378.555  210.83  413.536  211.692
497.129  208.789  524.701  207.352
428.873  321.275  463.309  317.72
449.309  174.524  470.634  174.874
83.4136  89.0255  125.334  96.4094
485.639  125.329  506.636  127.283
290.556  114.76  322.861  119.907
299.833  224.237  340.93  226.574
426.985  356.399  460.159  353.042
488.058  171.552  509.642  171.552
132.558  204.687  182.151  211.014
107.165  376.763  180.528  384.633
265.323  218.2  305.064  222.393
195.665  78.8482  234.489  85.4677
327.063  173.332  361.361  175.937
492.426  216.716  521.643  215.069
179.014  228.213  229.262  234.543
508.076  382.693  540.611  374.113
467.346  184.761  489.859  184.539
467.307  168.727  487.804  169.019
186.305  66.3164  224.578  71.9831
487.731  145.958  509.692  148.124
199.499  106.199  234.399  112.276
472.851  171.911  492.144  171.958
373.594  201.977  406.322  203.076
498.378  139.637  519.664  141.968
366.755  200.917  400.015  202.182
490.867  124.061  512.084  126.046
509.754  174.887  529.366  174.391
445.833  173.425  467.983  174.955
209.044  104.442  244.223  110.49
511.986  160.302  532.684  160.485
431.705  184.034  453.853  185.398
497.846  143.293  519.44  144.403
167.83  192.655  212.02  199.168
377.386  348.351  410.259  346.064
188.159  147.662  226.894  153.797
394.805  228.584  436.094  229.848
166.556  236.705  216.529  242.234
325.904  364.195  364.324  363.624
263.261  85.4768  295.278  90.198
251.453  447.489  307.693  449.163
403.706  324.607  434.742  322.951
103.881  101.713  144.109  108.905
566.658  217.2  587.525  215.037
147.78  237.171  199.366  244.31
254.175  450.218  309.748  451.771
269.454  216.507  309.023  220.658
399.946  213.268  436.03  213.65
443.164  252.189  488.903  250.53
297.599  124.378  333.415  128.412
406.371  201.443  440.428  202.01
328.088  362.506  365.569  361.877
221.909  211.401  261.186  216.606
99.7196  211.785  136.686  219.619
355.805  217.621  391.984  219.87
287.559  236.579  332.352  240.16
202.132  170.277  243.098  175.063
399.549  233.883  440.72  233.767
262.85  232.898  305.565  235.948
448.344  386.921  488.79  380.556
455.324  415.169  499.449  407.508
247.738  425.37  301.894  427.391
448.804  154.594  470.13  155.617
392.09  196.35  425.355  197.28
257.923  214.652  297.661  219.083
291.067  48.8759  324.14  54.4093
545.031  207.095  570.1  204.815
439.221  347.883  472.052  343.182
462.796  174.644  485.93  175.993
259.68  100.244  291.299  105.833
209.583  355.879  274.891  359.545
463.075  416.483  505.445  408.472
463.07  164.943  484.019  165.41
484.514  126.89  505.915  128.757
526.332  109.297  545.064  111.68
286.954  100.533  324.529  105.244
482.485  155.233  504.277  155.933
350.338  226.575  389.876  228.825
125.716  107.479  164.339  114.413
426.985  356.399  460.786  353.077
530.353  147.529  545.149  148.939
299.009  41.7497  333  47.5556
407.806  244.391  450.697  243.775
312.301  189.573  347.386  192.061
209.896  144.06  249.34  150.014
321.942  222.286  359.491  224.036
262.653  232.905  305.565  235.948
479.077  126.967  500.437  128.846
472.959  126.334  494.103  128.254
533.023  141.587  546.444  143.185
614.186  84.8772  586.578  86.1233
178.58  154.094  218.713  160.431
99.2074  200.487  135.195  208.209
504.124  147.448  524.661  148.223
451.514  370.029  489.677  365.238
318.024  213.068  355.425  216.238
376.453  184.064  404.51  186.535
384.831  226.008  425.059  226.396
523.967  158.902  542.442  158.874
87.7856  111.598  127.452  118.974
147.196  215.081  198.566  222.259
87.4876  172.752  128.371  179.439
495.494  122.89  516.762  124.859
509.903  102.956  529.535  105.709
365.111  175.559  392.934  178.409
96.5503  201.399  133.566  209.226
364.734  168.391  394.01  170.31
186.354  228.216  236.586  233.249
450.854  330.785  482.741  327.313
429.579  165.869  452.319  166.748
397.256  326.486  428.883  325.052
416.468  172.739  439.675  174.769
250.145  430.855  304.497  432.698
495.488  111.306  515.487  113.71
178.233  150.066  218.321  156.435
400.781  184.56  424.968  185.309
108.623  270.393  162.596  277.627
530.823  149.153  546.488  150.556
452.002  415.457  494.794  409.167
365.508  356.394  399.914  355.551
95.5279  86.6062  138.57  94.0555
506.672  153.356  527.571  153.852
389.024  169.431  414.57  172.024
383.411  173.163  413.635  174.74
250.035  217.826  290.757  222.451
134.35  232.512  184.945  240.008
348.973  215.964  386.148  217.255
448.699  151.142  470.003  152.252
473.422  147.067  495.276  149.36
535.045  292.837  552.998  287.987
427.964  268.56  472.572  266.625
155.014  211.207  206.204  218.226
234.722  234.805  282.695  239.78
105.442  207.813  142.67  215.527
580.932  212.274  600.88  208.934
346.042  201.873  380.445  204.668
472.867  126.66  494.184  128.552
514.387  101.164  534.255  104.004
353.422  191.37  382.542  192.875
484.927  125.263  506.183  127.153
467.138  134.318  488.579  135.935
105.925  203.613  143.655  211.298
237.23  216.127  271.921  220.893
134.02  103.806  172.962  110.729
308.27  93.8514  339.779  99.3887
430.752  165.756  453.474  166.606
454.635  129.639  475.344  131.466
513.522  152.421  533.737  152.851
486.029  123.35  507.555  125.331
371.487  166.882  400.091  169.929
249.173  426.085  303.261  427.981
416.592  231.779  456.326  231.273
295.029  61.1202  330.036  66.4808
319.743  235.876  360.621  237.451
324.748  360.988  362.243  360.458
513.782  102.311  533.829  105.096
442.502  351.864  475.517  346.871
178.811  150.371  219.034  156.762
495.348  141.367  516.864  142.496
332.384  179.222  363.474  181.393
526.362  96.8454  545.005  99.7979
174.584  251.575  222.991  258.022
202.244  151.903  242.214  157.961
499.127  112.334  521.594  114.826
135.43  104.75  173.212  111.601
96.3555  90.9067  139.378  98.3855
324.704  258.588  351.822  260.66
420.926  250.996  469.148  249.892
263.045  205.686  299.898  210.093
429.054  146.148  450.771  147.607
322.652  110.986  358.025  116.326
442.465  176.02  463.791  176.298
443.479  355.785  479.923  351.824
431.776  372.021  468.837  368.077
522.146  210.258  548.71  208.191
492.93  164.454  514.272  164.585
289.611  212.296  329.643  216.176
498.869  178.23  520.031  177.699
386.463  228.295  426.773  228.541
173.627  97.5027  205.329  103.7
390.664  384.417  426.692  382.002
253.654  205.418  291.056  210.037
464.178  138.664  485.955  141.389
224.36  149.455  262.655  153.908
290.018  56.9774  320.479  63.3057
147.763  227.647  200.069  234.877
533.682  141  547.809  142.718
328.16  227.22  366.275  228.694
368.191  168.897  396.841  171.957
515.702  114.459  534.622  116.555
299.907  202.066  338.285  204.599
481.365  263.477  524.912  260.305
496.588  107.768  516.332  110.27
468.385  162.174  489.271  162.621
411.827  374.882  450.042  371.693
249.468  440.666  304.386  442.447
202.488  207.765  242.256  213.49
421.603  258.749  467.594  257.304
512.189  144.932  532.452  145.691
303.206  235.005  345.753  236.994
511.359  143.409  531.732  144.249
242.113  240.581  288.207  245.32
258.844  214.8  298.404  219.283
482.972  122.933  504.885  124.938
557.094  352.258  580.267  344.24
486.564  201.895  509.37  201.913
414.901  245.185  460.987  244.37
486.563  163.224  508.101  163.464
422.449  231.002  462.939  230.385
495.04  122.735  516.391  124.66
509.754  174.887  530.081  174.313
527.877  215.357  554.687  212.943
210.913  212.079  250.724  217.617
391.84  385.973  432.411  382.051
280.296  234.955  325.611  237.532
125.075  105.785  163.616  112.794
457.43  371.494  493.579  366.529
498.58  175.117  519.789  174.704
335.369  217.917  373.695  220.727
298.839  226.36  339.086  229.839
95.5318  86.0055  138.459  93.5023
92.8019  181.989  130.377  189.783
246.357  441.06  301.16  442.99
254.358  431.301  308.991  432.849
365.055  165.909  394.766  167.842
452.006  125.652  472.597  127.591
442.191  266.627  487.432  264.338
490.503  249.021  535.441  246.269
489.463  263.212  533.302  259.83
212.085  84.8425  248.028  91.2568
465.521  169.44  486.161  169.604
448.975  154.435  470.995  155.399
431.429  268.613  476.836  266.533
328.678  175.92  359.008  178.139
172.986  97.3937  205.412  103.677
307.115  138.177  342.904  141.726
159.52  199.322  202.767  206.085
420.77  199.83  449.886  201.254
496.208  105.103  514.084  107.564
463.639  173.15  485.936  174.605
218.395  361.096  279.417  364.372
484.548  223.823  517.259  221.995
191.335  228.347  236.931  234.418
341.747  213.388  378.365  214.8
499.83  194.885  523.769  193.714
117.617  380.213  192.099  387.465
200.076  105.771  235.965  112.046
532.428  127.7  549.007  128.911
335.494  236.614  375.871  239.085
197.603  158.27  237.124  163.03
244.09  219.934  286.837  223.447
291.718  233.754  335.228  237.367
483.933  153.701  505.776  154.353
518.732  114.984  536.153  116.907
408.637  288.319  448.946  286.196
127.366  105.576  166.404  112.621
456.61  411.48  498.623  403.842
462.394  416.151  504.668  408.079
465.711  175.92  488.663  177.289
404.281  354.086  436.803  351.857
88.5425  109.114  128.004  116.551
200.73  107.859  236.182  114.095
304.39  117.238  340.636  122.651
211.529  174.616  252.991  179.117
105.705  110.933  143.403  118.11
136.023  123.029  176.017  130.056
328.3  189.925  358.733  193.223
481.067  256.327  525.901  253.443
340.875  221.486  378.898  224.129
510.947  96.6007  530.048  99.5249
345.278  373.695  390.664  373.231
510.534  376.544  543.479  369.287
274.829  223.635  316.134  227.75
351.776  211.367  390.277  214.045
140.479  230.074  193.034  237.541
439.05  260.864  487.431  260.265
211.406  202.357  250.927  207.972
97.3626  91.5969  140.229  99.1253
99.9627  202.493  136.585  210.346
128.762  204.335  175.642  210.497
166.177  103.365  200.298  109.815
311.712  115.783  348.044  121.199
448.152  163.919  470.449  164.53
500.206  147.594  521.322  148.312
483.983  257.249  528.635  254.239
227.604  199.952  267.78  205.291
61.7698  90.9873  95.7783  96.7968
359.408  333.037  389.793  331.578
475.22  103.344  493.974  105.941
453.689  125.706  474.311  127.595
140.871  249.187  191.06  256.65
280.004  233.561  321.332  236.029
103.091  85.6911  146.007  93.1901
490.185  263.112  534.061  259.671
240.921  441.977  295.829  444.137
468.849  145.091  490.238  146.161
343.291  212.364  379.634  215.137
247.194  440.477  303.065  442.259
468.56  147.354  490.247  149.771
449.376  309.555  485.155  305.464
321.723  245.026  363.579  247.725
499.734  124.281  520.85  126.037
518.9  121.117  536.979  122.751
279.25  63.4301  309.641  68.254
161.106  222.139  211.654  227.669
413.46  353.845  446.199  351.286
440.81  266.389  486.012  264.084
297.548  81.82  331.303  86.4908
531.838  169.918  547.903  169.047
342.359  225.865  382.448  227.024
315.629  192.434  350.742  194.665
504.576  119.498  525.207  121.416
375.429  189.109  403.794  190.167
101.345  207.124  138.368  215.036
194.638  64.1602  231.609  70.994
306.576  97.41  337.77  102.963
371.135  135.83  399.58  139.84
202.858  210.659  242.854  216.458
384.567  184.499  410.72  185.441
407.598  228.277  447.381  227.965
568.134  196.116  585.926  193.599
403.139  215.418  439.601  215.508
461.098  125.227  482.028  127.083
270.098  131.768  305.206  135.684
74.9273  87.1415  116.141  94.7427
219.111  330.963  278.659  334.339
326.293  365.537  363.842  366.242
520.063  138.349  538.866  139.184
144.863  444.039  204.986  450.988
476.635  148.537  498.377  149.396
99.0969  109.543  136.488  116.813
170.601  249.74  220.047  254.951
485.631  173.942  507.867  173.69
466.144  166.862  486.654  167.032
301.172  112.758  330.526  117.905
103.508  207.765  140.892  215.662
393.463  154.009  419.368  155.674
245.238  418.037  299.78  420.009
487.47  102.842  506.045  105.388
496.968  174.547  518.47  174.097
451.426  124.787  471.703  126.656
512.285  122.189  533.195  123.95
480.488  256.149  525.263  253.225
248.486  440.517  303.065  442.259
518.082  114.475  537.698  116.502
480.304  182.123  502.172  183.084
131.188  106.321  170.468  113.426
96.6983  201.237  133.633  209.216
279.226  61.7686  309.799  66.6028
300.491  46.0048  334.244  51.5095
426.91  250.932  474.241  249.545
173.988  98.4477  205.248  104.732
181.441  150.634  220.776  157.08
444.913  157.382  466.679  158.176
460.377  413.742  502.386  405.774
470.22  231.279  512.638  229.597
302.349  283.137  323.528  285.664
473.287  196.312  500.913  197.06
434.175  255.282  479.2  253.508
442.224  303.669  482.965  299.938
489.067  142.992  510.969  145.503
458.202  112.67  480.019  115.068
421.971  148.62  443.9  149.933
72.6693  141.322  106.17  147.43
488.178  211.791  514.951  211.644
281.732  43.4238  311.862  50.1378
477.226  144.967  498.822  145.925
252.872  100.582  279.026  106.036
492.164  174.027  513.796  173.634
421.32  178.395  439.279  178.585
494.965  122.159  516.36  123.988
194.369  83.073  231.978  89.8117
253.716  217.063  294.734  221.8
435.993  302.716  477.39  299.205
455.72  111.974  477.664  114.407
498.6  111.038  519.6  113.336
235.977  223.786  277.49  228.863
321.625  364.985  359.847  364.362
168.991  145.373  207.418  150.425
474.811  294.638  517.224  290.21
417.232  333.494  449.713  331.353
83.6057  193.004  116.043  201.057
236.302  216.207  275.666  221.294
126.327  105.835  164.089  112.921
231.944  113.951  268.215  120.046
126.066  105.862  163.937  112.961
385.238  165.206  412.316  166.647
164.869  85.0362  207.324  90.6658
568.118  195.373  585.225  192.804
522.192  138.069  540.526  138.819
555.193  194.482  577.912  193.952
104.874  114.378  142.277  121.67
498.623  140.135  520.694  141.156
477.77  120.864  499.976  122.848
227.496  424.89  282.703  427.65
373.489  190.455  403.758  193.104
309.012  241.762  351.864  244.936
505.348  119.793  525.554  121.589
524.532  100.491  543.193  103.08
247.189  423.081  301.047  424.912
342.181  141.649  371.27  144.272
485.508  102.626  503.783  105.102
455.066  160.992  476.322  161.475
500.261  93.9325  525.379  97.3203
225.255  211.123  263.196  216.466
431.421  331.432  466.761  327.205
102.696  87.1375  146.247  94.7879
541.741  152.248  556.63  151.969
448.344  386.921  488.898  380.301
186.893  237.254  233.884  243.578
125.492  105.016  163.378  112.145
328.606  217.716  367.149  220.837
426.367  356.089  460.159  353.042
164.74  199.28  205.841  206.021
287.559  236.579  331.642  240.4
166.121  208.337  215.653  215.29
197.034  145.862  236.732  150.577
377.087  192.976  406.798  193.861
108.128  109.595  145.028  116.832
359.977  241.382  400.141  243.316
229.984  207.163  267.328  212.433
401.888  225.521  439.043  225.254
217.946  434.181  281.724  436.988
138.851  83.8482  179.265  91.0905
427.793  333.568  462.095  329.41
449.545  365.741  484.39  361.478
130.443  105.819  167.534  112.868
490.949  111.339  510.331  113.476
388.148  266.315  425.375  265.207
400.35  224.226  440.519  224.103
523.803  99.9679  542.353  102.545
531.817  171.686  545.742  172.184
250.641  442.993  305.722  444.502
423.718  256.201  471.393  256.293
66.5537  129.043  99.7463  136.685
218.691  249.096  255.785  254.417
462.25  142.151  483.37  143.244
177.179  103.18  208.583  109.514
437.995  150.172  460.676  151.255
135.225  104.522  173.212  111.601
467.631  190.185  490.981  189.483
125.125  103.766  164.231  110.999
146.732  230.611  199.219  238.077
65.6254  124.921  98.9456  132.543
268.99  253.112  313.873  255.515
449.053  124.599  469.574  126.405
139.783  244.52  191.078  252.159
478.547  199.755  501.717  200.198
465.404  349.877  500.286  343.79
245.671  441.837  301.361  443.565
493.429  98.7607  511.343  101.328
367.476  188.937  397.519  191.766
511.103  96.4262  530.697  99.2308
90.7388  98.7271  130.768  106.304
277.741  98.9143  303.241  104.301
365.871  331.404  396.008  329.579
215.428  229.541  267.233  233.648
297.799  132.259  333.511  135.822
238.697  442.462  293.766  444.579
501.292  220.048  535.043  219.625
379.548  318.456  408.797  316.378
286.949  109.805  323.003  115.654
181.676  155.238  221.679  161.798
518.177  147.746  537.626  148.063
203.465  145.682  243.57  152.022
455.775  113.897  477.553  116.153
426.367  356.089  460.786  353.077
434.821  177.495  456.123  179.316
404.659  329.782  436.917  328.272
240.13  241.198  287.557  244.495
61.752  166.24  86.7639  174.122
98.3894  201.943  135.738  210.021
522.558  103.66  541.251  106.025
231.065  427.863  287.478  430.311
77.1654  91.1007  117.309  98.7774
430.677  253.977  476.638  252.24
66.7976  126.659  100.236  134.328
66.7281  169.614  92.8455  177.522
452.308  358.356  488.114  354.234
336.235  213.871  371.835  216.903
475.044  180.564  496.77  181.781
381.162  372.875  421.039  371.24
173.923  68.364  213.316  75.5485
498.011  140.806  518.422  141.611
152.074  94.6369  193.43  101.888
369.97  158.024  398.405  161.592
159.483  143.092  198.947  148.216
90.0808  117.089  129.117  124.735
231.996  440.509  286.871  442.959
487.144  118.73  508.218  120.602
326.486  151.799  362.757  156.421
265.479  225.596  308.458  230.138
278.782  196.299  315.627  199.008
380.036  317.513  410.964  315.388
384.678  352.126  418.279  350.909
499.152  124.431  520.85  126.037
408.12  349.342  441.28  347.271
488.781  264.256  532.929  260.611
290.545  234.785  332.703  238.605
247.771  430.445  302.255  432.099
319.234  225.17  359.388  226.666
254.522  432.183  309.214  433.475
66.5349  127.98  99.8019  135.681
248.389  430.401  302.805  432.024
292.781  210.027  327.586  212.189
111.283  378.713  185.655  386.009
392.634  156.079  418.455  157.524
92.0057  203.287  128.633  209.725
202.627  71.3022  238.32  76.3108
500.029  114.213  521.321  116.251
434.72  259.302  479.742  257.226
460.984  165.926  482.933  167.908
443.542  409.332  485.449  402.153
193.391  288.1  243.195  294.238
473.635  117.252  495.624  119.277
474.8  294.354  517.271  289.809
84.4864  23.303  122.799  30.629
462.563  114.314  485.083  116.526
78.2084  186.498  109.938  194.686
541.036  7.39773  518.527  10.5255
112.157  271.332  167.469  278.149
454.947  394.305  496.188  388.884
525.579  97.6038  544.242  100.217
369.245  201.036  400.009  203.631
393.66  176.472  423.719  177.476
288.876  43.0892  320.204  48.2345
500.546  203.17  526.92  201.465
418.552  203.774  451.182  203.635
76.251  86.931  119.008  92.9567
178.247  434.362  238.516  439.282
180.305  145.438  219.536  152.1
195.923  422.977  259.822  426.79
208.292  149.511  247.943  155.807
440.089  243.141  485.341  241.514
341.432  170.252  370.306  173.949
447.613  409.257  490.014  401.837
510.686  384.056  547.001  374.792
381.726  209.457  417.645  209.905
527.704  97.3235  546.646  99.9534
154.74  441.557  213.212  447.838
457.68  409.313  499.191  401.438
109.805  100.188  149.374  107.679
238.82  433.72  293.8  435.755
304.712  219.308  344.701  221.174
520.41  131.516  538.813  132.434
301.527  91.4268  334.946  95.6142
418.67  188.512  447.242  190.6
413.159  165.969  435.263  168.558
230.171  425.232  288.505  429.467
273.025  57.8979  303.281  64.4935
502.532  120.885  523.999  122.566
538.036  18.2209  516.753  22.869
404.421  272.167  448.97  270.395
382.138  164.92  408.708  166.214
81.6021  59.271  125.852  67.192
435.539  327.394  470.768  322.976
514.695  151.545  535.123  151.659
241.101  237.264  288.227  240.467
325.465  256.475  359.052  258.995
179.668  433.61  237.574  438.53
528.248  188.135  550.257  186.482
435.992  250.767  481.732  248.919
479.004  138.61  499.985  139.578
496.017  139.195  517.721  140.07
279.941  236.009  324.419  240.188
344.498  376.213  377.678  374.42
386.89  231.948  427.254  231.732
441.515  162.303  463.441  162.743
483.86  194.445  507.526  195.168
512.545  95.5515  533.798  98.3986
82.2418  23.199  119.708  30.5141
249.122  441.606  302.529  443.139
141.52  122.581  181.262  129.833
522.688  104.915  541.459  107.112
224.193  207.51  263.596  213.119
454.139  397.776  494.661  390.408
357.061  167.656  385.343  171.225
463  406.557  505.795  400.393
206.923  150.568  246.581  156.924
314.298  119.209  350.412  124.806
282.306  69.7044  312.703  74.1261
219.749  144.022  260.015  148.331
201.533  143.929  241.181  148.427
541.524  153.229  556.441  152.725
110.583  104.811  152.214  112.481
337.278  201.59  367.511  204.8
495.461  368.4  528.74  362.369
476.277  200.329  502.608  199.055
495.818  121.581  517.431  123.218
369.817  203.005  401.458  203.641
137.63  42.7219  175.549  48.1021
567.829  195.956  585.465  193.166
179.435  429.222  236.878  434.115
65.9224  118.708  99.6809  126.454
527.704  97.3235  546.265  99.8521
526.458  97.2645  545.032  99.7954
244.267  428.487  297.969  430.243
527.655  97.1325  546.308  99.6749
342.915  213.058  379.898  214.112
371.398  223.112  409.751  225.427
473.738  148.065  494.937  148.646
128.382  236.129  175.951  242.102
366.737  151.826  395.236  155.741
480.587  259.042  524.7  255.698
520.66  165.551  538.374  166.829
186.274  68.1322  224.729  73.2959
268.485  197.918  303.989  200.612
394.584  181.18  417.63  183.699
365.871  331.404  397.546  329.373
525.459  17.973  503.112  22.4554
526.689  96.8676  545.017  99.3691
471.434  124.145  492.917  125.718
536.124  18.4754  513.238  23.0091
495.499  148.078  518.177  148.548
208.584  149.731  248.336  156.141
440.921  321.966  476.804  317.431
364.429  427.946  399  426.573
256.303  422.217  309.194  423.387
498.954  110.066  519.604  112.106
461.84  166.79  482.351  166.695
295.071  237.929  339.809  239.684
462.741  403.668  506.223  397.661
254.543  431.485  309.243  432.612
366.513  197.198  398.056  197.97
140.871  249.187  191.634  257.027
483.271  182.626  505.497  183.864
437.226  359.242  472.707  355.896
367.061  171.403  395.609  174.847
382.649  371.061  421.81  367.459
527.17  97.7365  545.612  100.175
180.897  150.278  220.776  157.08
526.186  190.279  549.89  188.523
526.689  96.8676  545.409  99.369
477.392  148.408  499.06  148.921
159.356  86.9942  199.78  92.2068
294.02  42.9683  328.156  48.2296
389.716  170.809  415.079  173.832
382.542  226.769  422.237  228.843
534.731  17.4622  511.511  22.0252
312.454  280.031  341.374  282.652
191.472  209.241  231.062  213.461
473.641  144.205  495.098  144.896
499.829  135.121  521.45  136.039
521.577  108.121  540.775  110.077
153.117  434.077  211.027  440.249
255.031  430.323  309.802  431.394
194.242  101.378  230.817  106.002
515.079  152.281  535.561  152.227
455.025  115.218  475.185  119.287
581.025  207.486  600.001  203.862
405.868  332.203  436.016  328.647
65.9224  118.708  99.2576  126.527
306.643  207.237  340.396  208.929
528.538  14.7362  505.706  19.4055
502.841  178.772  519.213  179.701
288.175  88.5112  319.964  92.5119
307.39  218.105  345.858  221.966
440.089  243.141  486.599  241.352
453.083  397.915  494.661  390.408
430.237  240.821  476.857  239.342
472.053  115.767  494.371  119.927
285.522  95.5855  315.444  101.582
76.5338  43.5905  117.89  51.4344
230.595  435.296  290.965  437.302
455.56  419.648  498.358  411.327
265.038  215.175  305.091  220.034
491.47  302.632  522.462  297.009
433.16  326.625  467.977  324.428
126.203  35.1487  164.729  40.4669
139.954  80.2492  180.273  87.814
225.78  210.816  264.503  216.511
462.618  352.856  495.063  346.529
455.39  151.842  476.721  152.32
506.153  177.912  525.445  176.7
493.89  144.625  515.865  145.116
459.18  140.455  479.505  143.585
515.569  95.885  536.442  98.5092
222.952  346.306  285.016  348.97
494.932  128.4  516.635  129.58
185.816  236.08  234.048  242.808
390.234  365.419  425.834  363.94
180.943  143.136  219.611  150.004
374.617  150.381  403.145  152.057
304.083  34.4909  337.941  39.8998
517.203  145.146  537.107  145.306
493.985  168.178  515.52  167.605
287.29  63.5046  317.684  67.861
475.334  114.612  496.913  116.443
341.934  169.537  370.857  173.493
330.975  138.222  364.694  140.907
442.854  241.722  489.305  239.863
89.7186  194.958  126.961  203.464
330.71  228.367  373.02  229.31
140.68  41.464  177.908  46.6074
469.502  280.307  507.03  276.155
516.881  179.537  537.543  180.529
356.305  171.096  384.964  174.822
306.164  93.125  339.944  97.0341
322.609  172.318  355.328  174.268
273.294  87.5056  287.664  92.6381
412.382  285.677  454.103  285.405
63.0351  90.0153  98.8403  95.4194
155.702  199.538  202.058  207.017
491.478  101.351  509.711  103.467
170.767  146.306  210.483  153.387
489.762  194.533  517.58  195.566
300.404  93.0234  333.955  96.9155
467.07  171.843  489.395  173.863
236.233  433.462  291.1  435.361
466.274  351.673  499.535  345.146
491.4  100.414  509.915  102.574
388.958  374.277  421.281  372.829
180.449  197.379  220.866  201.739
84.2756  193.527  118.096  202.062
410.1  322.709  443.045  321.539
510.753  94.3163  530.781  96.8671
352.371  245.349  388.988  247.73
242.843  221.551  283.04  226.937
181.36  198.12  221.999  202.439
208.195  436.004  261.9  439.379
451.916  411.063  494.534  403.052
275.949  84.4128  307.456  90.9009
151.983  226.477  204.988  234.253
441.603  253.603  490.228  251.268
139.919  41.3825  176.901  46.4255
356.268  167.465  384.288  171.323
483.077  120.647  504.618  122.099
433.654  244.332  480.438  242.503
534.577  18.2404  511.897  23.0198
483.364  183.759  505.334  182.585
470.219  174.128  490.608  173.426
480.93  319.66  519.725  313.57
520.969  198.774  547.25  196.585
365.271  189.568  389.887  190.063
508.637  148.344  528.656  148.307
524.965  128.389  542.915  129.061
455.997  172.957  478.927  175.172
531.494  200.296  558.2  197.886
391.412  386.119  433.43  381.516
475.812  249.71  520.907  246.627
123.876  35.1827  162.914  40.3788
151.785  433.884  210.288  439.88
74.4232  190.733  107.946  199.509
300.55  128.422  336.289  131.581
365.702  169.362  395.24  173.173
439.776  12.8717  420.608  17.2237
209.767  182.989  249.158  189.393
488.173  196.393  511.685  197.326
378.142  220.761  416.723  223.323
92.8441  201.72  128.985  207.671
347.679  170.022  377.02  171.379
330.782  117.506  366.176  120.658
189.422  65.5908  228.518  70.5107
202.948  169.455  243.462  176.126
402.228  341.958  435.791  340.727
211.161  80.7655  247.23  87.9306
507.623  118.151  528.985  119.544
372.959  147.252  401.63  148.849
465.061  282.594  500.834  278.3
386.155  357.785  420.748  356.843
459.903  383.718  500.967  378.848
534.731  17.4622  512.22  22.3837
388.898  387.276  430.797  382.697
390.292  186.553  418.515  186.785
434.149  133.919  456.381  135.041
439.845  11.1819  420.437  15.6136
527.213  129.332  545.564  129.882
70.2315  41.9418  113.131  50.1715
499.859  376.012  533.114  367.134
51.2594  122.88  76.4478  130.76
522.33  160.995  539.093  162.784
235.911  241.004  284.402  243.891
133.308  243.016  184.788  251.387
153.528  435.202  211.587  441.046
443.673  15.4537  423.882  19.7801
364.17  223.414  404.059  223.478
169.617  153.753  209.869  161.048
72.5438  141.947  106.17  147.43
493.586  141.737  515.82  142.113
142.302  211.203  193.356  219.304
248.682  219.714  288.984  225.169
496.258  209.7  524.701  207.352
401.524  200.523  430.845  200.154
432.913  259.638  477.185  257.05
515.002  151.86  535.126  151.469
129.77  238.498  179.911  246.964
364.152  372.203  396.314  372.075
487.151  136.594  509.201  140.091
114.359  377.777  187.118  384.43
368.836  219.774  412.323  222.802
149.113  434.027  207.732  440.012
407.377  351.998  440.246  350.46
203.372  358.101  271.86  361.045
432.02  139.479  454.306  140.337
500.631  146.249  520.715  146.191
484.19  255.358  528.983  251.654
489.287  115.091  514.463  116.813
533.909  91.4449  552.063  93.7895
434.487  330.31  469.905  325.334
381.743  183.441  408.138  186.673
405.947  292.428  445.779  289.455
402.302  266.056  437.94  266.869
324.649  282.707  353.68  285.331
383.387  176.214  414.051  176.833
434.378  259.897  479.742  257.226
365.652  138.592  392.329  143.24
397.489  203.166  431.05  202.88
245.544  428.12  298.973  429.343
348.812  364.726  386.073  362.274
363.8  333.347  391.56  330.951
100.964  198.448  140.279  207.132
453.736  120.932  475.947  125.319
409.574  345.615  432.88  341.336
195.994  221.782  243.996  225.656
244.853  192.613  283.597  195.442
222.332  363.303  282.838  365.573
495.371  123.45  517.034  124.495
66.4437  124.284  98.7599  132.509
321.896  220.338  361.523  221.24
445.431  308.812  480.308  304.065
229.764  205.999  270.564  209.033
457.178  281.166  494.402  276.978
515.708  152.13  535.558  151.603
502.153  253.722  544.322  249.549
221.948  346.675  285.016  348.97
412.382  285.677  454.406  285.75
134.739  239.933  184.064  245.268
174.863  99.3409  208.88  106.597
296.029  323.384  327.656  326.59
69.003  148.148  101.605  153.554
340.875  221.486  378.959  225.006
468.021  133.95  489.121  134.6
252.705  447.301  308.248  447.934
298.653  310.634  325.388  313.892
74.7307  190.954  107.664  199.962
325.052  363.723  362.148  362.207
202.668  155.133  242.656  162.11
417.482  153.395  440.073  153.822
476.862  414.375  517.567  404.82
441.505  313.356  477.625  308.534
436.264  413.414  467.988  409.386
86.0151  203.626  122.946  209.527
516.594  133.512  534.652  133.693
168.979  452.242  231.304  456.996
217.182  348.158  274.043  353.887
321.854  182.616  355.826  184.023
431.23  119.736  451.989  121.069
432.881  197.184  455.062  199.17
454.633  130.678  475.344  131.466
384  164.237  409.315  168.041
342.235  139.304  370.495  141.125
526.048  97.869  545.005  99.7979
366.342  238.967  407.194  238.392
201.24  142.579  241.36  149.729
69.7381  147.453  102.387  156.025
476.089  200.968  502.608  199.055
68.4989  144.822  99.4516  153.305
481.067  256.327  526.598  252.509
416.837  364.53  465.554  362.133
453.351  111.534  475.761  113.161
495.968  105.909  515.086  107.444
291.082  249.079  337.398  250.176
447.102  15.9529  426.356  20.4671
442.626  313.157  478.849  308.211
444.373  152.4  467.091  152.508
67.3697  142.525  97.8034  151.02
416.917  189.3  446.65  192.163
369.156  366.971  404.446  366.87
289.644  64.9534  320.645  68.8143
177.441  179.048  218.039  183.039
91.9938  127.633  130.887  136.131
134.592  213.951  185.378  219.098
88.8613  172.841  125.391  178.211
92.3741  186.08  130.437  194.995
82.2875  195.176  113.577  204.178
442.458  308.767  478.196  303.924
504.359  373.715  535.695  364.461
223.7  244.784  266.498  250.968
373.399  370.337  412.46  366.496
316.531  190.791  352.064  192.051
575.022  364.421  598.628  356.247
260.555  255.109  306.176  256.837
381.11  172.747  408.959  173.129
430.027  380.457  470.724  377.364
136.31  212.487  187.243  217.576
337.804  199.457  370.702  203.531
380.775  174.435  408.678  178.245
521.617  366.069  547.939  359.948
320.498  171.831  354.494  176.818
434.893  235.21  481.167  233.222
246.863  430.086  300.7  430.974
526.82  188.691  543.623  189.535
172.836  242.647  218.741  250.237
418.633  427.353  462.529  423.523
180.904  142.529  219.611  150.004
356.301  169.659  384.465  173.974
339.886  177.004  372.508  181.58
432.351  333.8  466.96  328.507
221.555  152.178  261.168  159.123
319.361  170.644  352.251  175.67
135.547  217.046  187.532  222.129
337.804  199.457  370.702  203.531
