1181
488.867  161.032  448.602  163.828
212.569  438.303  234.396  438.536
13.4378  214.069  26.2678  230.275
122.616  258.658  159.468  266.726
75.1695  356.718  91.2909  371.166
318.687  160.133  343.182  165.093
497.397  42.403  418.67  53.6746
82.8529  203.812  101.078  216.541
496.807  274.795  493.595  262.407
494.312  187.062  457.926  187.245
597.117  65.3134  509.144  74.7735
112.288  190.846  128.457  202.641
179.17  322.458  210.419  326.06
497.341  287.365  494.426  273.579
586.215  101.648  501.487  108.235
213.752  159.35  244.902  167.498
508.019  143.43  455.352  147.652
520.535  90.5856  440.988  98.7929
544.705  87.9439  462.266  96.0708
90.7062  186.71  103.214  199.623
455.694  215.876  431.098  214.548
347.845  166.145  370.082  169.723
90.6789  186.538  102.465  199.531
177.181  325.067  208.674  328.723
492.69  293.14  490.059  279.132
73.6411  339.171  88.6263  353.698
338.937  174.309  367.828  177.073
590.884  75.7789  503.727  84.4211
81.9762  332.507  102.796  345.227
183.793  159.133  214.137  168.32
506.634  46.4071  426.536  57.3881
544.478  87.5901  462.076  95.7106
561.5  66.8131  476.556  76.2715
332.254  306.97  353.073  300.979
470.588  200.289  439.385  200.103
468.209  203.266  438.971  202.72
74.4971  247.194  99.87  259.499
523.044  128.933  468.014  133.947
216.722  291.68  243.295  294.231
553.18  89.7038  470.284  97.5713
59.9707  277.214  81.2861  290.862
517.215  160.796  470.567  162.947
563.111  58.4624  478.335  68.6188
129.323  245.092  165.734  253.197
87.9198  187.489  100.773  200.45
320.827  348.951  347.268  340.181
85.4619  202.435  104.329  215.047
65.3048  198.884  81.4599  212.46
592.263  48.4034  503.811  59.2256
483.699  195.808  450.751  195.421
260.238  320.883  288.01  318.792
563.709  95.5669  480.267  102.974
471.931  197.835  439.495  197.813
520.726  89.2169  441.677  97.4649
594.025  46.3985  502.429  57.3523
536.52  135.562  480.746  139.677
88.3901  297.702  115.228  308.914
480.088  290.765  478.838  277.866
252.043  281.972  283.634  281.763
261.502  270.594  292.644  270.414
574.843  99.8778  489.929  106.827
598.904  103.724  512.947  109.906
212.642  346.183  237.328  347.634
506.569  44.6827  426.412  55.7319
612.304  48.3909  520.764  59.2901
277.692  347.491  305.639  342.471
55.153  204.904  70.6345  218.96
168.038  308.408  199.069  313.175
95.686  326.912  121.123  337.847
511.901  50.2217  431.651  60.933
592.184  45.3648  502.849  56.5119
214.646  396.884  238.945  396.958
541.003  91.487  458.49  99.3361
543.463  38.3617  458.715  49.9527
88.3166  296.514  113.542  307.998
102.134  174.849  113.244  187.578
564.625  98.004  481.074  105.242
75.4164  301.213  97.8661  313.992
70.629  284.463  91.3923  297.71
619.33  107.096  530.561  112.823
83.3608  183.245  94.589  196.614
585.788  102.589  500.902  109.187
489.828  41.5225  411.718  52.7628
104.665  183.525  117.76  195.979
530.632  90.591  449.985  98.7667
47.2976  255.191  65.8828  269.67
94.0833  328.008  117.189  339.339
470.515  294.415  468.105  282.228
200.108  256.662  226.805  261.643
100.188  182.638  111.72  195.378
512.565  50.4458  432.365  61.2895
524.866  127.759  469.91  132.938
66.0227  204.143  82.8859  217.603
72.0051  348.977  86.6619  363.917
523.488  128.106  468.255  133.3
323.02  162.612  347.947  167.112
584.7  75.9299  498.239  84.6711
111.672  337.096  138.793  346.537
112.255  190.967  128.576  202.663
485.092  168.056  445.172  170.33
490.629  176.041  450.992  177.628
174.827  325.792  206.054  329.74
543.419  88.795  461.121  96.7754
88.3075  276.715  114.314  288.142
464.074  224.654  441.03  222.094
488.471  159.033  447.853  161.931
510.61  140.643  456.046  145.175
203.124  161.743  233.392  170.066
531.023  90.3937  450.213  98.5979
554.358  40.6431  468.984  51.9456
252.888  373.812  280.815  369.927
597.691  65.6646  509.602  75.1933
85.3224  203.579  106.2  215.872
481.516  293.668  480.258  280.201
563.145  97.7853  479.98  105.093
480.198  153.376  435.628  157.417
212.257  345.428  236.261  347.24
368.992  184.273  381.485  186.266
75.5442  327.511  93.2783  341.332
524.692  143.731  470.006  147.623
64.2922  326.996  79.752  342.016
501.074  160.424  457.433  163.147
113.564  191.488  130.452  203.281
53.1411  399.251  56.5141  419.455
534.94  37.8647  451.859  49.5584
504.472  159.714  460.119  162.197
270.279  339.718  298.024  335.956
576.583  98.8652  492.349  105.695
176.738  324.258  208.362  328.046
115.633  191.119  132.488  202.845
75.1778  302.443  97.0524  315.381
501.083  52.8489  422.136  63.6049
584.756  75.3902  498.101  84.2021
209.861  344.445  234.65  346.097
302.071  307.935  320.456  304.925
609.816  274.537  576.116  257.967
94.2277  186.635  107.433  199.503
312.234  166.327  335.527  170.98
122.653  28.3762  168.063  44.4473
60.1862  279.583  82.4514  293.004
500.639  144.859  453.428  148.795
259.645  367.121  287.897  362.745
328.944  49.3484  360.441  63.8809
556  171.997  503.757  172.217
95.0895  326.332  120.145  337.456
303.783  156.032  328.466  161.936
254.242  264.734  284.421  265.572
599.135  103.578  512.961  109.687
94.0487  186.699  106.585  199.355
577.371  98.8951  493.076  105.682
307.372  303.25  324.853  300.253
98.2374  321.884  122.964  332.551
53.7621  272.512  72.9898  286.951
271.864  324.87  298.804  321.586
496.773  172.448  456.141  174.202
102.811  180.974  115.041  193.349
528.823  91.7559  448.786  99.652
562.632  99.9669  479.508  106.868
67.5359  192.908  83.7286  206.582
601.122  27.2913  509.139  40.0145
218.912  143.679  245.72  152.852
202.459  253.593  228.93  258.645
506.838  294.495  502.488  279.568
252.242  274.711  282.431  274.867
342.587  166.389  364.187  170.012
480.12  161.25  439.844  164.5
530.23  188.59  488.005  187.334
586.183  102.525  501.423  109.202
14.9907  219.511  27.873  235.588
43.103  243.852  61.5835  258.368
521.859  129.827  466.714  134.991
592.92  70.3319  505.556  79.2364
539.383  135.757  483.722  139.985
116.16  291.411  148.753  300.058
568.232  107.098  484.622  113.384
562.711  50.4035  476.979  61.2582
585.718  48.9102  497.743  59.8867
594.46  95.2818  508.072  102.119
543.509  38.1155  458.69  49.4864
512.569  57.0235  432.632  67.5448
204.682  251.714  232.745  256.514
513.333  49.1783  432.275  60.1562
531.666  130.831  476.478  135.338
128.213  34.0499  172.639  50.1049
13.4378  214.069  26.4804  230.428
560.395  96.5235  476.829  103.683
576.43  99.3296  491.551  106.069
334.91  151.319  350.926  157.073
261.027  320.851  288.125  318.951
108.118  337.658  133.261  347.831
250.147  269.228  279.979  270.187
259.241  318.148  287.864  315.877
316.399  67.5132  349.741  80.2883
195.346  148.187  225.093  157.708
462.101  194.354  430.912  195.182
119.667  36.0932  164.596  51.6988
71.7854  342.184  86.5613  357.102
559.807  104.346  477.682  111.294
566.06  95.2779  482.934  102.447
541.016  49.8512  456.948  60.7599
104.008  175.518  115.089  187.925
221.622  270.973  251.441  273.729
43.1817  213.127  61.7123  227.341
506.533  46.9405  426.694  58.108
592.716  47.7153  503.844  58.8143
559.215  68.6641  474.196  78.2031
66.5126  195.45  80.8549  208.971
200.746  191.607  228.731  198.701
540.195  42.4656  456.294  53.9089
195.426  149.339  225.145  158.819
197.399  149.035  227.202  158.468
255.958  371.005  283.897  367.233
594.03  78.7427  506.397  87.2916
253.854  322.921  283.227  320.706
486.174  196.083  454.535  195.276
129.287  343.536  158.637  350.836
592.027  75.8657  504.993  84.6806
496.323  173.103  455.861  174.457
101.193  186.024  113.666  198.355
86.2339  192.536  100.133  205.718
538.214  180.638  493.745  179.877
65.0322  198.671  81.0469  212.523
93.6764  187.532  105.568  200.595
100.913  185.773  114.028  198.066
583.521  235.897  530.638  228.863
78.1742  341.152  94.5316  354.884
515.548  51.0044  434.885  61.9286
227.265  247.092  258.977  249.925
219.034  383.738  242.54  383.733
564.671  95.1212  480.717  102.713
493.285  215.429  464.812  212.279
583.326  76.7019  496.425  85.0804
272.098  324.075  300.188  320.956
67.1002  196.515  82.7758  210.318
561.98  51.4047  475.601  61.7752
110.281  249.059  146.155  257.921
111.008  337.982  135.467  348.108
541.332  198.909  501.832  195.825
51.8894  255.248  67.5389  269.699
544.507  48.5519  460.473  59.6093
507.136  45.6828  427.12  56.961
563.093  49.619  477.248  60.5954
70.8387  254.022  95.9857  266.736
619.274  105.876  530.314  111.865
136.092  246.752  170.504  254.873
56.963  271.86  76.2249  285.727
535.176  180.844  491.044  180.145
274.572  324.614  304.694  320.887
557.325  67.3021  471.012  76.4878
590.948  76.382  504.01  85.1943
507.791  127.044  452.449  132.385
496.329  40.7239  417.26  52.3125
257.483  366.939  281.7  364.075
253.439  220.057  285.41  223.321
215.277  171.471  244.738  179.276
500.762  52.1444  422.988  63.1139
528.074  130.447  472.411  135.021
158.5  249.148  191.762  256.113
561.607  161.885  506.624  163.114
340.898  309.425  361.712  302.838
273.661  335.766  301.014  332.115
491.667  142.735  443.22  147.047
537.714  136.987  482.11  141.244
200.021  151.731  229.7  161.017
515.996  50.2874  435.213  61.2953
352.559  159.656  374.449  163.389
535.264  180.568  491.308  179.855
487.183  219.23  459.49  215.975
135.264  249.324  170.198  256.881
532.01  90.5971  451.014  98.9314
84.4184  182.841  96.3322  195.793
86.4664  187.731  97.7449  201.159
511.22  96.8595  433.206  104.552
560.411  65.5484  475.37  74.8671
64.2682  203.826  81.8128  217.645
89.294  187.848  101.136  200.611
81.4694  197.253  98.7271  210.403
306.488  155.997  332.217  161.356
542.724  49.6467  458.636  60.6599
43.0545  210.957  59.9608  225.763
576.533  99.0541  492.166  105.713
68.5521  336.142  84.806  351.02
208.134  299.683  233.727  303.043
212.505  449.004  234.482  448.761
515.329  51.3511  434.731  62.3192
589.282  81.054  502.506  89.5343
512.449  50.8567  431.645  61.8423
46.6561  257.889  65.0696  272.809
493.381  223.427  467.073  219.264
539.192  50.8561  456.37  61.8335
57.5392  261.747  79.4314  275.668
248.906  329.088  277.473  327.644
336.206  164.616  356.442  168.579
187.667  183.218  216.609  191.034
513.51  170.109  471.031  171.091
582.816  39.4017  494.349  51.2379
523.573  141.657  469.167  145.35
97.1475  317.36  120.576  328.189
94.5549  191.612  110.015  204.43
473.769  163.928  432.907  166.81
617.879  81.312  527.492  89.535
543.955  194.66  499.757  192.242
457.655  206.389  430.512  205.674
83.8072  273.912  109.669  285.833
265.594  318.147  293.64  315.355
127.855  360.438  156.322  367.812
534.869  36.4618  451.382  48.4123
103.588  185.18  117.225  197.255
541.497  51.425  457.709  62.3474
100.006  318.357  123.684  329.524
108.546  336.808  134.646  346.891
562.937  58.1154  477.513  68.5304
78.9034  262.602  104.213  274.911
168.038  308.408  199.829  313.406
582.24  104.607  497.424  110.729
593.039  68.9702  505.599  78.4405
179.368  411.982  203.97  415.032
515.369  446.539  502.834  418.178
92.4481  194.693  110.514  206.789
532.392  129.72  476.73  134.788
49.2757  208  64.4444  222.707
203.639  306.945  232.443  309.884
329.315  162.797  349.775  167.111
573.102  224.52  524.314  218.166
483.317  203.601  452.591  202.742
484.966  220.174  457.662  216.867
266.517  333.983  288.96  332.09
596.651  228.777  542.393  221.214
522.779  135.433  468.124  139.625
123.206  249.83  160.131  258.376
527.099  143.393  472.274  146.819
311.029  154.947  339.118  160.057
499.885  146.523  451.007  150.246
252.155  326.268  281.929  323.835
195.155  149.083  224.908  158.71
522.728  39.5021  441.02  50.633
71.8837  202.486  89.9117  216.015
576.787  224.332  526.787  218.557
261.449  178.904  294.103  184.402
114.195  348.269  140.126  357.958
199.874  198.688  227.97  206.031
92.759  311.009  115.912  322.804
574.702  44.2448  487.239  55.7337
87.2729  313.978  110.812  325.421
200.007  199.05  228.253  206.362
595.681  114.614  511.036  119.661
84.5865  273.576  111.64  284.66
248.125  352.612  276.321  349.71
532.786  92.311  449.343  100.603
200.249  256.543  226.775  261.799
78.6417  262.578  104.213  274.911
89.0277  310.041  114.165  321.768
594.069  66.8612  506.44  76.5442
593.965  54.7771  505.917  65.4694
93.1714  179.199  105.224  191.749
476.331  158.416  434.493  161.612
585.047  74.686  498.353  83.7783
609.392  283.792  572.965  267.164
130.807  245.557  167.252  253.871
511.693  445.743  499.265  417.896
319.502  184.245  344.563  187.591
138.823  30.5446  185.683  46.4064
54.1051  205.242  70.6345  218.96
543.276  37.1818  458.445  48.431
562.84  98.7644  480.241  106.251
581.195  103.119  495.99  109.317
118.652  252.476  156.582  260.407
214.065  448.904  236.129  448.365
608.119  113.158  521.409  118.095
538.983  49.851  456.096  60.9844
539.13  49.8571  456.096  60.9844
107.708  217.203  133.135  228.436
79.9926  188.019  91.2  201.075
110.588  254.016  144.333  263.621
347.009  314.804  366.657  307.681
198.281  450.91  222.633  452.236
159.801  159.379  199.16  168.444
250.529  456.578  274.46  451.827
492.06  182.825  453.31  183.278
88.3266  346.342  109.955  358.941
122.223  361.279  148.402  370.279
87.9177  190.297  102.871  203.513
529.982  60.6373  447.202  71.0399
57.4618  277.178  77.5593  291.563
65.0477  338.172  79.3264  353.818
554.63  39.3262  468.999  51.197
512.951  40.1974  431.895  51.9603
548.553  90.052  466.933  97.6022
106.39  260.027  141.536  269.611
604.23  114.164  518.11  119.058
477.019  159.085  434.855  162.184
575.797  204.459  523.94  200.916
336.79  136.741  366.372  142.519
108.934  254.433  142.678  264.146
589.718  82.2166  503.042  90.7158
53.8747  236.887  74.0967  250.385
179.681  322.361  210.734  325.564
212.918  187.602  241.773  194.893
213.251  448.684  235.509  448.156
213.251  448.684  234.929  448.323
542.724  49.6467  459.353  60.8149
541.3  51.1575  457.314  62.189
88.03  276.353  114.996  287.967
347.531  313.103  365.11  306.475
618.722  322.605  585.022  299.234
251.489  456.418  274.975  451.714
577.363  39.6807  489.472  51.5973
486.231  205.841  455.621  203.928
499.881  178.389  460.948  178.852
469.398  301.751  468.21  289.075
576.018  62.5053  490.296  72.679
483.594  206.158  452.385  205.222
552.787  51.9002  468.042  62.8912
219.193  444.422  240.696  444.328
588.549  115.525  504.231  120.564
104.086  173.529  114.541  185.766
344.013  55.6471  373.53  69.2209
89.7224  345.273  111.027  357.85
625.007  75.8379  533.715  84.6219
43.1817  213.127  60.6376  227.219
43.1828  249.352  61.4848  263.69
550.343  37.1044  465.01  49.1492
541.068  51.6164  457.971  62.6672
108.356  253.13  143.792  261.882
78.1804  284.839  102.544  297.436
104.887  346.468  128.524  357.427
335.586  325.945  359.018  317.534
509.808  188.377  467.654  187.83
513.924  162.759  469.343  164.355
214.921  427.587  236.076  428.349
68.5521  336.142  83.7547  351.362
294.084  98.9492  329.251  109.67
205.769  249.901  234.439  254.043
44.3793  203.573  58.8679  217.787
242.596  164.873  276.382  171.155
224.547  425.965  243.042  425.572
579.422  104.152  494.423  110.234
215.489  306.277  244.354  307.616
98.5548  336.379  121.043  348.025
470.31  294.103  467.442  282.393
97.1194  168.614  108.565  181.036
592.798  48.8036  504.552  60.0739
491.765  182.864  453.245  183.257
235.258  156.051  269.978  163.923
274.865  349.343  302.608  345.032
138.416  381.058  161.349  389.362
63.748  428.704  69.7897  447.77
551.637  73.298  467.697  82.7962
80.0332  315.277  102.474  327.312
58.8269  261.715  78.9653  275.948
511.856  178.382  470.316  178.503
570.909  108.006  486.922  113.911
260.407  323.41  289.619  321.307
330.216  155.462  356.77  160.742
544.339  137.019  488.052  141.306
178.697  323.197  209.498  327.342
128.326  236.742  166.39  244.441
290.948  338.322  318.566  333.157
79.9891  190.837  92.9279  204.573
510.75  227.949  483.699  222.253
133.545  35.4434  179.602  50.8901
135.254  36.1424  181.584  51.5641
497.65  38.3109  418.359  50.25
97.5946  318.628  120.809  329.295
337.397  170.12  361.914  174.037
510.963  50.9738  430.373  62.1343
303.973  313.251  323.934  309.848
551.181  41.2413  466.381  53.0619
79.4467  191.231  93.8354  203.976
543.626  49.2348  459.139  60.4536
514.07  131.913  460.212  136.446
573.262  50.352  486.159  61.4934
64.6275  292.849  83.7865  307.163
303.538  307.866  320.897  304.333
602.873  60.2881  513.662  70.6043
85.4079  332.841  108.647  344.416
602.557  112.657  516.825  117.622
64.2682  203.826  81.5394  217.874
609.258  117.092  523.852  121.541
491.168  181.712  452.567  182.185
461.4  225.542  438.936  222.434
601.322  75.5272  513.347  84.5751
132.994  36.6207  179.28  51.9831
108.176  216.832  132.876  228.226
493.339  191.425  458.99  190.636
486.16  219.981  458.231  216.527
453.233  210.95  430.727  209.437
88.7572  280.976  114.937  292.727
347.526  311.323  365.185  304.881
151.336  224.188  191.434  230.846
89.7207  306.914  114.303  318.831
521.508  183.44  479.558  182.686
561.336  197.772  516.971  193.987
82.1634  193.199  95.4863  206.867
554.866  52.4107  469.891  63.4471
610.486  57.3906  520.281  67.9652
485.83  159.706  444.48  162.293
217.449  432.974  238.795  433.396
545.283  158.86  495.984  159.87
81.6295  295.992  105.577  308.536
207.836  210.381  238.863  216.743
525.737  161.189  479.889  162.486
264.598  159.253  298.028  166.092
572.046  41.951  484.397  52.7656
546.677  194.042  503.855  191.198
469.593  209.245  441.953  207.521
544.705  87.9439  461.983  96.5561
117.687  233.615  148.326  243.7
213.222  304.014  241.908  305.553
323.28  70.5397  355.091  82.6366
592.766  48.4316  503.973  59.7901
592.641  46.0038  503.613  57.5564
83.6339  183.616  94.5617  196.416
97.7726  306.484  124.092  317.59
569.682  54.3253  482.628  65.1966
260.691  369.053  288.663  365.223
479.223  197.919  446.386  197.108
304.964  318.093  325.536  314.291
74.0262  269.341  100.495  281.991
69.5385  198.264  83.9994  212.372
281  358.398  309.081  353.094
583.351  112.972  499.402  118.192
47.1388  259.909  65.3872  275.09
88.4932  306.997  114.303  318.831
555.582  60.3515  470.533  70.8323
88.1164  277.544  114.382  289.376
605.767  34.4423  515.5  47.0702
485.219  196.265  451.832  195.333
511.894  131.483  457.452  136.06
314.616  315.671  332.077  311.805
93.0128  326.054  116.011  338.093
74.6499  277.836  99.3537  290.713
620.446  85.1145  530.224  93.2349
139.83  28.128  186.589  43.9361
255.351  371.609  283.21  368.244
47.5254  265.263  65.7685  280.506
406.552  193.784  400.12  194.287
101.238  319.129  125.707  330.321
258.505  335.765  292.605  332.369
562.885  50.2791  476.459  61.4967
458.135  205.452  432.235  204.392
461.059  219.346  437.52  216.794
351.589  165.753  374.692  168.612
117.028  365.53  141.229  375.547
516.277  167.871  472.818  168.733
597.314  113.694  512.409  118.572
122.258  337.281  151.617  345.953
518.364  39.0812  436.929  51.1033
181.993  423.438  206.27  427.057
86.6864  180.806  95.861  193.566
176.173  317.26  207.612  321.755
134.053  246.655  168.722  255.198
585.512  232.87  532.785  226.327
83.048  321.646  103.665  334.839
611.134  286.6  577.273  269.222
137.058  242.001  172.53  250.411
120.121  336.922  147.537  346.15
575.913  44.3928  488.845  56.1374
551.716  138.002  493.25  141.071
288.248  77.1899  319.03  89.9792
335.68  311.288  354.936  305.641
516.421  144.766  462.251  149.275
69.6755  250.456  95.6283  263.493
621.301  66.0497  530.141  75.9147
588.386  227.114  535.779  219.761
70.4204  350.543  85.118  366.131
100.446  332.225  124.658  343.567
609.475  269.12  575.144  252.869
536.47  41.489  452.7  53.378
527.823  180.739  486.474  180.967
81.7532  260.66  108.127  272.973
611.459  56.7569  520.996  67.4832
224.34  289.247  253.381  290.394
76.1418  300.622  97.8661  313.992
94.8811  340.858  117.507  352.952
525.096  414.696  522.622  384.25
543.892  38.7818  459.248  50.8784
93.0075  178.244  104.151  191.802
225.762  167.61  257.609  175.451
524.402  92.699  446.426  101.335
602.747  113.72  517.055  118.46
243.623  156.054  278.158  163.84
64.4822  339.213  79.3264  353.818
530.753  189.055  488.005  187.334
523.276  39.226  441.668  51.3089
58.917  189.64  73.1768  203.031
124.562  348.541  153.752  357.029
469.548  209.349  442.705  207.43
519.154  180.348  477.846  179.797
40.5278  205.157  54.8265  219.372
543.41  181.894  498.597  180.413
85.9029  344.451  107.713  357.423
81.5405  320.794  102.765  334.023
214.876  170.922  244.199  179.146
492.221  270.204  489.292  257.991
496.134  285.801  492.183  271.849
591.426  304.257  539.816  289.28
529.727  179.271  486.81  178.472
584.386  56.2151  498.823  65.9003
82.8286  276.437  109.309  288.658
518.448  180.68  476.739  180.146
98.8559  342.214  120.722  354.181
41.0819  245.099  59.3285  260.544
48.067  388.48  42.565  409.945
66.1074  254.883  89.2074  268.509
198.398  191.088  226.722  199.097
579.694  24.0295  490.696  37.4184
230.493  159.304  261.945  167.516
519.143  180.474  477.32  179.925
584.773  112.433  500.875  117.551
172.23  164.583  205.207  173.111
87.4045  295.15  113.244  307.171
494.215  222.944  466.342  218.598
27.2041  217.633  47.1569  233.277
115.408  333.216  142.329  342.987
266.693  159.408  299.561  166.347
78.5832  247.719  106.768  258.796
575.477  43.9272  488.308  55.7731
116.487  26.3763  162.176  42.0242
271.598  323.561  300.047  320.885
574.805  109.738  490.483  115.233
122.63  28.9229  168.063  44.4473
53.1191  206.345  68.8709  219.874
100.929  320.657  125.11  332.037
397.702  211.219  395.258  211.628
133.328  240.54  165.478  249.662
221.325  154.377  252.656  163.2
501.301  176.53  461.446  176.893
528.989  52.0443  447.111  63.3396
470.258  209.388  441.953  207.521
611.002  274.13  576.725  257.061
572.257  54.3479  485.758  65.401
524.766  132.381  471.508  136.371
66.8931  433.507  74.0253  453.29
76.3223  250.246  101.792  263.076
602.252  59.7686  513.327  70.3455
515.8  189.343  476.395  187.928
210.26  159.645  239.165  168.684
611.548  55.9357  520.803  66.8082
261.443  327.474  290.938  325.279
356.507  160.697  375.685  163.931
74.7234  269.121  100.495  281.991
94.3824  248.17  126.869  259.22
51.97  271.127  71.1398  286.204
514.856  222.85  484.258  217.568
91.4092  328.675  113.398  341.18
258.32  225.639  291.001  228.684
526.579  161.376  479.889  162.486
249.442  158.505  282.54  166.11
212.755  450.266  236.544  450.451
486.87  297.803  485.944  284.208
556.219  25.2745  469.594  38.4765
95.0895  326.332  121.123  337.847
484.613  195.79  451.934  194.686
86.3806  343.375  106.945  356.633
531.181  124.463  476.233  128.985
214.226  162.206  242.704  171.036
51.4382  205.844  65.1113  219.572
88.9076  270.993  116.604  282.788
83.7683  322.968  105.178  336.115
200.254  256.159  226.775  261.799
274.32  331.623  302.518  328.415
108.176  216.832  133.135  228.436
502.946  39.9403  423.265  52.0529
524.768  174.899  481.792  174.613
96.2801  341.579  117.713  353.91
584.184  246.082  532.959  236.881
493.471  214.934  463.751  211.457
531.666  130.831  476.73  134.788
610.167  57.8244  519.92  68.5815
70.5143  335.764  86.6649  350.963
57.5392  261.747  80.4677  275.977
592.908  55.1845  504.48  66.1997
275.517  250.498  302.489  250.361
572.47  50.0375  486.159  61.4934
524.45  40.1983  443.064  52.355
522.332  183.662  479.558  182.686
607.504  89.8226  519.51  97.8538
217.432  435.73  238.768  436.354
103.221  184.166  117.225  197.255
612.997  51.1008  522.028  62.4576
610.916  57.4572  520.518  68.2628
503.376  226.469  475.805  221.133
69.8526  285.258  91.5431  297.605
596.269  72.8992  509.168  82.4755
502.219  285.309  499.184  272.095
216.03  428.618  236.076  428.349
316.044  173.072  339.361  176.45
122.514  335.167  148.703  344.627
329.136  152.792  353.62  157.256
187.416  449.333  209.658  451.343
103.175  184.442  116.787  197.583
501.228  299.889  498.676  285.169
200.245  157.445  229.714  166.96
501.661  40.8661  422.493  52.9845
69.3532  434.494  75.346  454.457
595.184  69.7811  507.918  78.1342
448.603  239.565  432.087  236.616
517.611  37.2956  436.307  49.6444
555.824  20.0703  468.784  33.7039
511.441  190.977  472.835  189.465
112.288  190.846  129.656  203.316
58.0798  280.447  77.5497  295.305
44.0731  378.708  38.32  400
181.694  337.321  212.116  341.28
528.952  177.26  486.406  176.491
501.82  135.252  447.538  141.096
123.392  236.417  164.057  245.309
213.465  396.176  238.945  396.958
187.835  140.842  217.589  149.967
67.2268  272.571  89.0928  286.505
180.211  323.476  211.456  327.755
214.338  351.648  238.19  353.831
469.626  244.025  456.755  238.867
98.1223  315.6  123.589  327.09
356.652  64.9531  383.76  78.6712
116.682  365.043  141.739  375.154
221.217  174.168  252.454  182.046
88.1164  277.544  114.996  287.967
112.576  191.143  129.359  203.669
469.361  196.991  436.432  196.462
70.2515  250.288  96.15  263.515
232.268  252.308  263.162  255.71
110.708  256.459  144.527  266.439
198.141  448.9  222.766  450.637
90.4707  327.09  115.337  337.632
583.523  38.0032  494.737  50.4693
65.3798  340.559  80.6871  354.825
104.22  270.456  134.026  281.168
76.2976  257.616  101.584  270.603
552.54  55.1574  468.291  64.7122
62.6998  319.013  78.5546  334.668
525.685  51.6746  444.101  63.1503
71.2583  287.626  92.301  301.562
610.467  89.3169  521.826  97.4522
555.549  57.2625  472.241  68.3319
90.8257  190.897  105.906  204.431
85.8718  215.608  102.986  229.097
551.426  30.3459  464.394  43.2223
591.231  61.4492  503.711  70.4216
611.657  47.5122  520.764  59.2901
199.342  450.01  223.797  451.685
175.862  385.779  202.002  390.299
521.685  171.536  477.903  171.601
543.963  196.668  503.942  193.092
501.737  444.492  488.356  417.977
143.431  378.837  168.119  386.73
482.911  206.915  452.455  204.622
536.625  157.419  487.246  158.517
497.096  172.781  456.337  173.503
193.06  180.834  222.225  189.657
552.312  81.2655  467.913  88.9044
110.773  340.725  134.832  351.592
468.219  224.967  441.7  221.603
72.887  276.251  98.1561  289.48
519.588  184.096  477.872  182.975
470.989  229.66  451.099  226.669
65.4669  275.342  86.5237  287.846
350.134  166.768  371.603  169.368
517.864  37.1775  436.644  49.6615
243.089  237.888  273.752  241.505
109.866  340.267  135.994  350.835
105.449  89.4296  17.3118  102.099
250.529  456.578  273.798  452.567
155.992  169.605  195.292  179.624
510.352  224.248  482.418  218.573
55.2951  426.117  57.742  448.144
473.544  162.742  432.245  165.131
82.9735  321.539  104.085  334.983
129.485  344.228  158.637  350.836
262.966  327.676  292.008  325.661
69.5527  336.103  85.2633  349.817
488.355  147.748  440.903  151.08
128.206  362.422  155.955  371.13
70.2295  251.305  95.9212  264.677
603.117  56.8731  513.607  67.9254
108.516  362.562  131.634  373.886
74.7833  250.242  100.43  263.382
253.935  425.091  280.649  420.627
244.762  363.597  272.977  361.855
196.038  156.129  225.505  166.01
173.12  331.383  203.553  334.447
84.7627  334.713  103.942  348.512
586.518  26.4235  496.522  39.9402
253.867  326.304  281.449  325.436
70.2515  250.288  94.7164  263.838
586.387  36.3094  497.224  49.0612
264.273  321.192  292.015  319.672
173.777  313.456  203.488  317.008
75.1695  356.718  92.6578  371.857
539.853  90.1511  459.418  97.226
108.344  254.162  142.182  264.468
109.437  251.964  143.353  262.238
219.602  284.874  247.806  286.291
212.404  451.08  237.549  451.175
84.0782  311.343  106.956  324.415
535.475  186.543  494.484  184.313
41.2341  242.656  61.9403  256.196
98.0268  320.781  122.964  332.551
216.182  422.391  239.789  421.021
482.098  186.101  445.316  185.981
253.368  291.766  284.286  291.993
312.744  177.102  331.51  180.407
123.956  201.011  140.688  213.144
607.147  42.5662  516.128  54.8973
207.545  257.586  233.928  263.036
210.028  341.631  236.254  342.178
579.679  37.7985  490.728  48.4498
52.6822  260.595  71.3748  275.893
126.116  330.875  159.709  336.961
328.013  83.3771  354.07  93.6814
594.778  33.3123  504.697  46.3971
258.503  223.768  289.871  227.366
486.97  208.067  456.741  205.293
496.015  199.15  461.902  197.042
207.399  256.12  233.328  261.709
86.0266  290.138  112.259  302.561
65.2205  331.492  79.4513  345.613
179.375  326.042  209.904  328.647
32.64  215.656  52.0109  229.45
527.656  189.103  484.67  187.141
516.729  37.18  435.627  49.7857
140.371  253.388  175.973  261.738
565.938  65.8227  480.877  74.3562
478.788  158.897  436.011  161.355
67.6642  198.103  84.3387  210.571
463.698  204.42  436.422  202.82
212.508  397.429  240.226  397.98
243.071  139.25  257.126  149.381
57.2187  425.223  61.191  446.792
111.046  258.93  144.701  269.101
325.582  150.573  351.956  154.962
309.784  183.232  339.617  187.374
269.871  234.184  300.455  236.661
478.353  192.173  443.471  191.521
525.366  53.0913  442.268  64.6332
313.864  306.866  333.771  303.625
312.196  359.143  333.386  350.76
527.782  52.9264  446.15  64.5541
84.1615  251.043  109.455  261.742
173.97  313.907  202.711  317.494
484.63  216.744  458.837  212.817
132.301  129.24  170.338  139.685
52.464  209.581  66.9881  222.863
56.5642  209.66  77.5677  224.31
233.159  142.534  256.713  150.302
103.28  84.8757  15.1611  97.1371
48.77  271.085  66.7169  284.755
300.895  153.586  332.17  160.351
586.76  34.1458  497.47  47.2006
169.243  308.723  200.145  312.392
521.568  171.844  477.76  171.656
61.9872  252.824  84.6777  267.164
122.859  342.554  151.176  351.873
586.064  34.2513  496.639  47.2907
59.8205  306.875  76.4298  320.504
559.419  74.29  475.208  84.3208
213.308  367.302  235.759  367.581
600.129  26.6151  508.99  40.3833
33.7526  212.339  51.9501  228.265
263.269  342.593  286.837  341.183
527.161  53.8171  445.73  65.4361
58.1042  262.179  79.692  276.936
39.4036  207.648  50.7153  221.697
227.255  349.348  251.536  350.712
85.8732  313.244  108.393  326.41
304.368  317.264  323.643  314.405
593.821  32.4922  503.701  45.7533
219.516  357.66  243.338  359.572
110.188  349.648  133.354  361.003
239.489  360.589  269.132  357.049
199.53  217.875  226.191  223.131
261.299  223.231  293.073  226.799
359.162  192.218  376.635  192.335
493.48  216.157  463.706  212.162
351.421  311.137  371.292  302.33
63.5057  427.186  69.7897  447.77
569.1  36.6045  481.333  49.4353
541.01  51.3012  457.779  63.0913
471.005  200.78  440.125  199.339
465.719  211.274  439.797  208.775
133.048  368.742  159.653  377.477
594.801  241.148  542.002  231.466
256.7  231.847  288.699  235.143
26.2696  216.597  46.6018  232.74
502.838  184.899  463.455  183.976
543.276  37.1818  458.715  49.9527
553.408  63.7487  469.575  74.6595
610.003  37.1431  518.597  50.1443
518.029  36.7138  437.12  49.5258
582.552  246.546  531.18  236.983
557.971  73.6168  474.03  83.7908
104.251  97.9047  16.6124  110.817
523.917  188.296  481.3  186.387
256.262  240.832  292.493  243.139
469.525  172.062  432.921  173.325
212.32  252.827  238.768  258.355
553.618  183.337  506.906  183.201
99.8517  182.707  111.087  194.224
139.937  374.664  165.813  382.968
122.55  360.601  148.644  370.413
584.03  246.98  533.636  237.101
252.78  200.264  278.237  203.897
32.64  215.656  52.0773  229.262
248.138  391.509  274.921  389.043
446.425  221.097  427.508  218.054
604.836  34.204  513.771  47.466
232.939  348.929  257.191  349.912
498.79  164.144  456.853  165.234
50.4665  249.929  70.185  265.345
100.774  362.337  126.976  373.952
609.069  37.1712  517.738  50.2084
104.395  191.221  117.74  204.746
270.469  452.797  296.667  445.932
232.071  439.191  255.456  438.041
610.167  57.8244  519.796  69.0787
90.4264  254.298  115.155  264.544
486.757  392.617  502.186  366.072
425.861  273.478  420.194  265.889
41.7159  212.07  66.9672  227.143
41.7804  213.166  58.9939  226.525
339.087  322.166  360.56  315.752
272.31  375.077  301.226  370.36
544.629  184.15  500.481  181.717
201.701  251.662  232.188  254.914
71.917  265.665  95.4163  279.555
582.37  50.4199  494.97  62.3589
102.395  182.431  115.734  196.126
273.151  334.761  301.014  332.115
345.117  162.786  374.846  167.529
423.257  277.259  421.785  268.858
357.002  323.867  369.487  315.049
85.6726  272.771  111.047  285.624
187.394  287.832  215.17  291.113
247.439  233.862  277.986  237.846
132.024  368.782  160.456  377.339
569.328  38.1  481.858  50.9661
505.307  157.888  459.129  159.441
182.39  315.018  213.701  319.85
189.777  282.431  217.587  285.687
199.149  212.876  228.407  220.501
524.159  52.7832  442.268  64.6332
241.931  140.411  266.27  147.798
374.418  194.185  382.327  196.701
470.061  292.444  466.163  279.358
292.867  72.7639  322.9  86.6014
148.695  225.263  187.662  231.313
292.847  81.3987  320.739  91.9032
84.7627  334.713  105.479  348.606
583.1  112.141  498.783  116.652
73.2421  263.734  98.329  274.78
324.945  356.716  350.086  346.071
580.115  223.858  531.264  216.129
585.02  34.3364  495.568  47.5895
274.533  330.129  301.634  327.825
261.911  297.576  286.517  298.306
610.963  48.6447  520.004  60.8074
58.5714  210.704  77.2056  223.091
204.875  265.658  231.074  271.362
557.811  74.5346  474.875  82.1598
483.944  302.262  484.381  288.887
531.961  145.551  478.314  147.566
27.2041  217.633  48.4036  233.876
212.048  254.194  238.474  259.874
99.7188  322.17  124.836  334.192
500.694  196.192  464.808  196.645
108.665  280.427  141.687  290.866
286.231  155.12  306.049  160.401
217.143  345.34  238.471  348.586
138.718  380.169  161.743  389.402
210.453  275.988  236.721  281.011
183.644  316.511  214.882  321.338
578.935  242.834  528.811  236.266
138.168  373.006  168.848  380.645
529.894  182.721  485.807  183.718
81.0584  190.258  95.0671  204.827
60.685  280.752  79.1766  296.231
339.633  326.89  360.642  320.394
131.255  125.587  169.931  138.634
264.143  342.154  286.837  341.183
117.137  333.391  145.688  343.505
283.162  344.867  306.675  339.038
594.934  72.3926  508.019  82.7003
541.967  200.201  501.832  195.825
485.698  220.521  458.584  216.003
92.4165  282.377  118.43  294.873
70.8853  341.041  86.5613  357.102
273.677  340.944  304.995  337.42
329.615  142.492  359.005  149.77
92.921  324.404  119.83  336.665
248.268  328.013  273.386  328.517
508.895  195.437  472.02  195.717
496.032  190.922  457.631  189.444
130.753  125.618  170.502  138.695
294.518  366.13  322.936  357.029
516.887  176.857  475.56  175.846
252.638  237.654  283.875  241.265
132.446  370.898  156.464  380.575
272.035  351.233  300.204  348.068
263.284  318.8  292.477  317.743
547.668  159.661  494.428  159.768
124.976  354.748  154.017  364.097
115.118  234.897  143.238  243.362
414.467  256.873  412.35  253.573
119.667  36.0932  164.496  50.3748
84.4433  270.013  112.453  282.838
503.101  233.475  480.531  229.128
574.395  150.517  514.55  153.896
334.397  207.377  358.481  209.477
255.741  234.449  286.762  238.131
271.942  156.79  298.276  161.944
208.497  262.153  234.264  267.993
210.734  280.326  236.489  285.382
100.79  314.707  125.797  326.834
234.474  267.286  263.588  270.825
520.539  47.2899  438.651  59.735
125.083  335.185  155.78  344.399
569.288  151.054  510.75  154.531
58.1356  199.551  67.0512  212.5
171.091  309.944  203.436  315.859
124.478  258.389  162.541  267.767
103.472  82.3238  15.3554  93.9353
132.17  367.885  160.234  376.827
603.587  16.4067  511.218  31.5232
271.761  340.116  299.372  337.716
600.557  24.7063  509.068  39.1093
309.962  170.477  340.654  176.122
559.388  148.706  501.93  149.525
130.967  127.398  171.165  137.335
213.044  297.973  236.412  302.782
142.404  266.075  175.096  271.713
275.661  317.641  303.645  316.029
213.495  260.334  239.759  266.003
177.09  305.77  208.343  311.639
131.541  368.4  159.653  377.477
84.2852  337.342  103.952  351.851
126.994  361.103  153.356  370.98
555.29  174.016  505.428  172.091
555.666  176.471  507.168  174.154
68.6528  313.519  87.9133  329.026
279.71  336.638  302.692  331.307
34.5885  393.761  29.6241  415.326
33.2477  406.292  32.3123  427.599
506.423  205.23  471.281  201.447
466.534  204.031  437.239  201.814
26.2696  216.597  47.1569  233.277
230.696  147.226  250.721  154.3
274.36  315.751  302.164  314.465
273.602  330.605  302.518  328.415
317.756  154.705  346.612  161.656
126.07  359.473  154.23  369.159
221.694  435.51  238.745  434.277
238.577  192.527  270.48  196.072
436.229  261.043  424.976  253.959
596.031  172.699  540.767  173.071
60.5693  315.866  76.6325  328.925
316.882  349.127  340.216  339.586
188.033  329.425  218.6  334.119
96.0823  316.774  117.145  326.521
219.912  278.284  246.664  282.969
227.694  146.385  249.797  153.396
280.159  360.177  308.3  356.206
576.42  140.022  509.623  141.292
114.84  340.655  144.814  351.086
200.775  251.159  228.194  257.989
100.233  183.38  111.087  194.224
227.186  146.433  249.797  153.396
258.904  398.52  286.168  395.273
622.127  43.7942  529.267  56.9285
61.4815  315.273  77.5902  328.191
554.894  175.539  505.264  173.241
215.363  449.178  240.188  450.044
66.4422  437.265  76.5173  453.79
226.35  145.848  247.413  152.886
259.82  213.807  285.954  219.39
143.114  237.585  176.617  247.369
444.663  254.488  432.144  247.373
503.793  174.374  464.881  173.469
84.7338  329.604  103.225  344.506
316.566  357.204  338.469  347.423
294.26  374.227  323.534  368.014
569.859  149.981  511.436  153.929
479.958  308.631  477.743  296.153
84.8401  329.566  103.225  344.506
138.251  254.696  174.048  264.077
251.556  219.682  280.353  225.172
253.803  325.483  278.374  326.32
183.595  393.646  210.955  398.237
85.3559  339.126  104.765  353.997
190.741  221.335  222.934  225.397
261.129  268.849  292.77  266.579
238.611  145.221  260.748  151.745
130.152  103.509  171.676  118.095
461.545  292.931  457.66  279.735
128.331  361.534  156.857  371.255
122.859  342.554  152.44  352.637
113.48  128.393  158.633  138.083
87.0339  174.539  97.9366  185.662
290.29  332.589  315.801  325.658
180.566  388.046  207.135  393.255
232.91  154.46  255.85  164.775
211.627  283.033  239.296  283.999
263.936  315.804  290.767  315.909
197.948  206.875  227.29  211.407
489.013  181.428  452.097  180.234
132.17  367.885  160.456  377.339
610.737  275.118  580.266  260.083
241.515  248.941  271.113  253.466
70.4783  339.537  86.7151  356.225
115.072  233.087  159.144  243.503
440.691  305.367  446.963  295.249
259.505  145.241  291.771  154.933
324.723  301.482  345.679  294.262
573.449  51.3857  485.944  64.1303
506.423  205.23  472.384  200.883
133.533  372.172  161.643  381.58
616.354  316.436  581.617  292.45
364.496  165.018  379.367  166.353
43.3057  217.508  59.1482  229.993
486.596  182.854  448.557  186.067
322.055  363.719  344.683  357.122
207.224  206.003  235.027  214.611
277.793  137.041  301.985  142.756
119.317  246.228  161.221  256.385
619.931  71.501  528.097  82.4945
231.53  245.307  259.028  250.952
256.534  236.18  290.829  235.577
402.815  194.231  399.729  192.881
323.913  361.293  346.885  350.009
103.724  172.412  112.748  182.914
504.585  194.942  468.313  191.712
615.501  282.966  581.471  267.365
83.2509  337.14  103.26  347.681
278.609  355.152  306.984  351.965
134.079  354.858  160.899  360.061
451.689  248.907  441.36  245.692
231.352  146.678  252.564  153.147
238.149  374.638  266.089  369.892
259.748  213.399  285.954  219.39
117.55  247.4  154.559  258.297
500.623  148.751  452.584  154.861
312.747  154.957  339.647  158.051
246.989  143.194  265.587  149.457
114.696  128.016  157.049  137.475
489.533  178.329  449.523  182.103
34.1134  396.106  29.8192  416.991
261.275  229.739  292.074  229.5
176.044  422.31  200.567  423.451
103.28  84.8757  15.2617  95.7734
238.663  207.147  263.539  214.753
254.661  147.491  293.614  157.157
371.509  171.863  381.99  172.372
118.102  347.503  146.796  358.517
103.001  86.205  15.1611  97.1371
228.162  209.744  257.773  217.299
132.162  245.977  163.444  251.987
179.104  323.893  211.237  329.82
611.501  52.5837  521.706  65.6074
555.75  71.0285  470.818  82.7109
118.269  254.95  155.361  265.832
116.144  245.87  153.388  257.05
247.904  142.631  265.841  148.762
348.794  313.406  369.987  302.992
110.03  368.323  126.366  382.649
124.736  334.092  155.874  344.329
91.4673  347.884  108.333  358.134
146.346  226.39  181.249  231.616
309.873  161.051  319.533  164.483
312.747  154.957  338.677  157.798
246.773  221.344  274.27  227.789
235.539  169.062  272.41  172.888
238.109  351.319  265.406  352.63
231.862  196.917  261.416  205.176
141.595  261.28  177.235  271.035
61.347  191.874  74.8018  203.137
484.603  399.407  504.12  367.187
231.105  363.608  257.87  365.302
267.381  250.823  297.518  254.234
191.612  157.728  220.951  164.011
170.336  317.999  200.638  319.763
239.489  360.589  269.132  357.049
