1031
140.852  200.781  188.658  222.571
152.808  127.723  118.163  150.516
163.756  336.607  218.339  354.48
122.969  282.317  179.003  304.534
111.126  83.348  31.1335  106.564
314.915  434.702  359.035  433.377
579.704  226.497  556.573  217.166
160.127  275.583  217.88  294.161
204.888  364.077  259.53  376.931
157.044  202.387  205.08  222.922
154.266  337.963  208.629  356.903
158.948  275.194  216.606  293.894
119.951  357.962  170.019  381.349
156.267  132.061  122.02  154.752
511.945  229.442  514.431  223.688
119.817  359.276  169.841  382.686
143.694  248.572  201.999  268.962
350.375  139.695  391.033  150.311
518.354  236.669  520.661  229.791
139.683  255.81  197.879  276.465
181.002  333.905  236.496  349.812
155.823  330.302  210.412  349.098
157.221  270.833  214.912  289.742
96.5703  234.217  152.708  258.879
180.765  333.21  236.277  349.155
185.331  361.829  239.124  377.107
131.821  72.7123  55.1404  94.4516
143.127  331.528  196.834  351.806
142.065  332.535  195.801  352.891
118.425  77.0703  38.737  99.6145
233.039  340.059  286.836  350.276
482.948  157.555  454.483  160.368
164.366  326.342  217.232  344.449
174.934  79.4215  137.711  100.061
285.242  412.321  327.129  416.036
155.437  301.96  211.365  320.841
152.358  127.224  117.816  150.051
133.184  289.319  189.004  310.516
139.792  256.441  197.783  277.08
152.824  127.602  118.286  150.415
104.93  263.128  161.103  287.032
468.54  200.955  456.744  201.376
157.417  311.345  212.879  329.981
595.562  96.1793  514.575  97.6609
147.086  262.364  205.121  282.272
296.563  299.491  337.994  305.649
145.937  263.694  203.968  283.746
152.226  125.981  117.493  148.739
135.046  279.01  191.054  300.059
132.827  290.841  189.287  311.995
120.529  73.8373  40.0745  96.0534
168.237  319.113  223.038  336.669
107.009  68.1393  24.8552  90.6634
147.799  293.54  205.486  313.143
119.124  265.701  175.227  288.293
154.069  273.884  211.691  293.103
156.612  242.918  219.106  262.006
144.854  326.26  198.805  346.286
167.461  332.811  222.474  350.223
139.29  320.335  193.164  340.981
202.511  358.017  257.506  371.163
160.863  343.073  214.842  361.26
153.447  127.904  118.977  150.699
607.932  274.453  586.545  258.088
158.031  329.58  213.755  347.96
118.433  256.705  175.277  279.333
130.078  318.148  186.03  339.539
321.261  433.935  363.882  432.062
217.27  231.383  277.675  245.81
114.623  339.381  166.015  363.104
150.045  290.645  207.103  310.04
142.925  334.672  196.696  354.9
174.701  79.6254  137.414  100.254
138.383  254.573  196.612  275.322
125.912  207.847  177.617  230.48
171.534  78.667  134.319  99.5118
93.3299  236.221  149.41  261.133
181.782  347.534  237.619  363.089
349.909  321.603  391.612  321.169
158.974  266.662  217.314  285.381
146.374  314.049  201.102  333.963
121.179  74.5458  40.8385  96.8431
326.711  420.528  368.469  418.549
365.301  318.333  399.444  317.277
124.981  255.89  182.08  278
126.948  340.619  178.051  362.931
158.348  278.357  215.988  297.124
206.778  370.486  260.995  383.121
160.845  303.587  217.076  321.844
154.257  126.659  119.983  149.29
149.015  314.498  202.711  334.151
580.284  410.684  574.075  383.074
183.738  346.589  239.031  362.097
147.107  321.616  201.745  341.328
192.84  332.802  247.248  347.498
142.149  333.935  195.877  354.348
119.151  343.799  170.191  367.102
581.247  231.181  559.329  221.278
603.687  98.2414  522.031  99.323
155.038  127.576  120.811  150.284
488.531  366.148  486.035  353.058
111.814  276.257  166.751  299.701
106.038  259.68  161.782  283.488
144.297  326.796  198.215  346.976
169.148  345.021  223.629  362.183
594.455  215.67  569.51  206.286
148.354  289.971  205.722  309.492
161.203  269.958  219.31  288.545
153.405  272.225  211.162  291.419
132.221  291.361  188.092  312.599
114.578  73.9807  33.7568  96.5747
133.199  185.689  176.643  208.304
344.947  306.583  385.94  307.636
138.252  253.009  196.475  273.891
258.023  309.113  308.614  317.996
151.919  291.053  209.457  310.191
119.572  276.544  175.294  299.066
155.126  343.28  208.035  362.343
158.712  266.285  217.23  284.998
142.915  323.832  197.092  344.018
150.922  320.389  206.017  339.636
165.336  321.503  220.237  339.232
139.705  277.485  196.649  298.115
153.756  263.134  212.357  282.337
159.023  355.59  211.228  374.119
159.304  267.193  217.629  285.849
103.216  248.9  159.352  273.063
276.706  429.699  321.923  433.649
130.981  290.784  186.444  312.174
127.297  277.425  183.278  299.18
167.989  332.404  223.066  349.864
97.3585  247.569  153.294  272.117
113.981  70.7446  33.2237  93.2123
179.368  344.077  234.21  360.037
338.537  236.711  380.441  242.104
157.77  327.395  212.027  346.103
330.047  323.286  371.105  324.936
160.845  303.587  217.208  321.802
199.728  341.604  255.471  355.205
483.065  157.318  454.094  160.087
173.389  361.139  229.118  377.494
142.423  277.145  200.051  297.311
148.563  189.48  194.406  210.833
580.027  260.659  559.089  248.119
112.931  293.12  167.082  316.568
119.528  280.75  174.394  303.489
335.306  189.703  377.302  198.1
103.829  247.842  160.086  271.792
120.23  266.125  176.702  288.535
165.556  331.13  220.932  348.842
131.695  326.184  184.071  347.756
132.545  270.602  191.31  291.65
193.897  332.919  249.473  347.496
119.321  266.966  175.726  289.631
297.258  131.407  323.651  145.436
147.563  297.693  203.334  317.352
103.398  250.909  159.332  275.086
153.959  128.073  119.482  150.892
280.274  414.511  322.562  418.868
118.272  75.8746  38.2384  98.2541
140.482  187.247  184.3  209.283
146.594  297.523  202.608  317.255
345.335  313.837  386.868  314.443
154.154  272.194  211.92  291.289
349.292  312.519  390.819  312.783
194.83  333.279  250.881  347.696
166.633  367.054  223.156  384.218
144.14  125.457  110.255  148.605
131.659  351.496  183.701  373.338
150.448  290.273  207.332  309.783
263.705  194.327  315.25  206.978
117.912  264.601  174.817  287.372
481.862  195.099  466.38  195.012
159.586  131.946  125.298  154.528
171.59  82.9421  134.34  103.717
171.164  77.6926  133.913  98.3997
194.535  333.275  250.881  347.696
96.4852  214.228  150.355  238.968
135.05  252.955  194.754  273.848
180.629  334.123  236.048  349.968
61.6646  220.87  115.151  248.454
143.771  132.994  108.737  156.364
519.005  226.764  520.291  220.652
181.349  299.858  240.024  315.997
131.137  291.193  186.527  312.748
130.142  288.754  185.571  310.413
352.343  315.881  390.109  315.864
143.253  335.09  196.722  355.254
73.2803  399.221  102.055  432.006
143.999  258.169  202.003  278.329
120.654  309.844  174.494  332.591
332.949  293.26  374.12  296.228
186.781  354.375  241.328  369.592
334.117  340.839  374.85  341.241
190.545  245.342  251.188  261.655
142.21  312.496  197.015  332.69
114.487  341.115  165.879  364.934
165.944  318.275  221.329  336.097
178.737  355.808  232.739  371.789
136.9  75.9239  60.3267  97.6654
188.945  246.884  249.227  263.324
149.107  249.718  207.048  269.529
71.4142  398.711  99.1454  431.864
133.199  291.877  188.473  313.247
117.713  264.885  174.323  287.49
346.364  320.033  387.429  320.287
318.854  242.152  365.175  248.637
588.003  378.867  578.85  353.325
201.986  330.11  258.785  343.743
139.042  277.374  196.369  297.847
120.275  287.861  175.859  310.251
158.302  354.963  210.713  373.5
160.963  302.223  217.428  320.387
339.119  223.708  381.06  229.846
194.31  332.763  249.943  347.084
180.757  335.752  236.119  351.548
589.003  378.205  579.594  352.875
156.411  296.528  213.159  315.182
128.329  346.481  180.904  368.647
603.405  410.346  595.632  379.7
153.405  272.225  211.92  291.289
581.386  231.343  559.568  221.482
125.708  346.432  175.667  369.225
621.236  92.7954  538.189  93.4431
123.909  339.864  175.12  362.415
157.181  250.373  215.148  269.444
105.845  68.5669  23.2698  91.0628
215.214  233.694  276.798  248.228
505.874  377.456  503.262  361.329
140.685  277.711  197.93  298.285
342.826  318.332  383.875  318.803
96.7339  237.698  152.651  262.509
142.726  326.395  196.594  346.559
156.5  307.34  212.387  325.951
82.7554  394.69  110.232  426.588
141.718  340.034  196.543  360.161
114.389  336.477  166.835  360.177
95.7493  234.951  151.947  259.555
147.938  268.102  205.937  287.754
211.241  180.045  250.457  197.609
257.185  432.534  305.993  438.244
122.237  272.628  178.569  295.062
591.447  215.269  567.135  206.029
143.688  278.939  200.198  298.999
176.639  74.15  140.11  94.812
144.854  326.26  197.682  346.602
123.119  300.832  177.1  323.052
137.943  277.586  195.079  298.147
133.18  268.846  190.381  289.915
170.832  346.431  225.285  363.299
166.787  321.342  221.693  338.834
97.7358  235.928  154.242  260.327
199.33  347.479  255.181  361.246
131.659  351.496  184.165  373.345
503.156  377.271  499.818  361.575
165.655  322.504  220.494  340.106
576.565  230.243  555.23  220.869
249.148  297.965  302.175  307.966
118.261  249.005  175.518  271.855
154.169  290.376  211.502  309.549
122.935  260.919  179.582  283.34
164.373  322.486  219.38  340.198
161.769  325.584  217.064  343.513
275.698  248.534  319.737  258.627
135.921  278.801  192.872  299.543
124.546  364.143  174.952  387.164
178.268  353.835  232.433  370.151
614.058  271.192  591.104  254.507
173.419  74.9129  136.305  95.7426
145.997  39.043  67.0879  58.7919
333.459  206.047  380.958  213.437
175.661  357.829  232.367  373.726
210.063  363.385  263.654  375.959
168.829  321.432  224.233  338.979
131.44  290.766  186.93  312.359
110.5  77.9216  30.0443  101.048
127.122  254.734  183.945  276.814
198.716  358.591  253.925  372.357
515.133  235.866  517.002  229.517
153.627  290.604  210.825  309.857
132.891  279.666  189.425  300.716
124.521  283.166  180.198  305.08
93.2764  236.362  149.41  261.133
315.863  435.824  358.986  434.321
140.801  275.991  198.187  296.608
121.628  314.211  175.226  336.597
501.553  366.736  495.635  352.648
353.747  139.869  394.254  150.483
277.574  377.326  320.493  383.012
58.9309  220.702  117.9  248.47
143.933  331.332  197.404  351.724
106.296  249.218  162.231  273.243
142.17  345.012  195.653  365.195
484.792  239.96  488.23  235.285
151.386  291.991  208.4  311.476
501.6  380.922  499.715  364.928
121.484  356.944  171.538  379.95
146.711  297.154  202.279  316.816
336.756  192.362  380.638  200.535
163.519  187.044  208.176  207.286
334.85  302.49  376.441  304.854
169.974  321.821  224.334  339.38
116.125  338.227  167.29  361.566
283.011  417.842  320.322  422.694
113.887  72.4978  32.9347  94.7866
161.267  303.695  217.556  321.747
106.358  259.6  162.332  283.211
197.617  332.13  253.044  346.45
333.74  416.662  374.315  413.832
164.995  362.93  219.815  380.246
119.224  265.319  175.715  287.7
510.323  246.641  512.834  239.343
528.442  450.528  537.882  423.997
332.107  342.314  372.884  343.185
115.83  335.187  167.148  358.928
201.214  136.643  242.005  156.034
581.202  231.886  559.241  222.082
154.35  307.382  210.047  326.158
152.658  272.75  210.124  291.881
205.879  364.851  260.503  377.794
159.57  282.827  217.078  301.596
481.744  216.271  483.408  214.18
486.785  368.728  484.71  355.356
343.203  315.023  384.305  315.967
205.06  363.449  259.573  376.529
153.547  340.133  207.769  359.377
201.686  191.363  241.399  208.952
144.768  287.815  201.173  307.634
145.008  133.92  110.191  157.557
176.359  354.622  231.408  371.085
104.664  260.822  160.38  284.589
144.329  286.087  200.968  305.939
136.112  284.746  192.298  305.446
489.021  365.07  486.221  352.204
142.065  332.535  195.735  352.689
346.415  324.361  387.487  324.501
182.821  367.923  236.378  383.711
156.094  295.198  212.733  313.802
339.608  225.546  381.526  231.192
144.413  332.932  198.506  352.775
159.225  282.612  216.58  301.448
123.832  256.202  180.504  278.631
502.318  249.199  506.352  242.7
179.179  192.463  220.157  212.063
120.762  357.828  172.17  381.176
587.612  377.648  578.547  352.132
339.633  224.237  381.62  229.946
482.539  375.583  480.609  362.265
341.706  315.236  382.774  316.35
124.387  364.186  174.944  387.274
495.172  240.71  499.429  235.018
476.405  266.175  479.389  260.725
191.479  244.703  251.232  260.669
311.705  428.324  352.356  428.016
96.0357  215.287  151.224  239.848
154.045  263.538  211.96  283.071
349.894  328.398  390.835  327.502
139.751  316.577  193.681  336.975
119.966  294.001  174.353  316.408
144.433  335.143  198.093  355.502
182.272  329.066  237.194  344.713
127.584  211.267  178.428  233.587
505.371  377.476  501.87  361.92
141.374  312.604  196.136  332.752
158.385  275.761  215.778  294.286
481.86  373.379  479.908  360.273
130.519  287.303  185.794  309.09
132.522  269.393  190.405  290.362
569.714  227.845  549.978  219.225
117.393  301.8  171.551  324.482
121.124  356.417  171.661  379.341
267.021  194.406  319.516  206.62
122.326  280.828  178.758  303.328
124.34  364.07  174.704  387.205
117.615  265.733  173.733  288.243
137.05  253.562  195.687  274.196
179.231  343.991  234.189  359.771
357.834  280.077  391.967  282.124
277.784  416.779  320.065  421.583
589.087  233.946  567.347  223.358
136.351  254.261  194.742  274.965
338.04  241.509  379.813  246.346
162.016  332.656  216.699  351.002
160.597  268.104  218.959  286.432
124.025  208.123  176.126  230.659
131.261  333.382  184.227  355.288
109.657  269.198  164.976  292.495
180.083  338.369  235.506  354.054
601.463  99.4042  520.93  100.72
147.27  270.755  204.818  290.884
120.762  357.828  171.13  380.809
579.377  223.193  557.927  214.369
161.989  186.861  205.246  207.197
501.6  380.922  498.382  365.593
307.269  226.429  354.241  234.811
123.789  283.317  179.556  305.204
136.619  356.444  188.866  377.888
175.776  345.665  230.258  362.406
197.311  357.559  252.575  371.595
251.086  409.646  297.313  417.492
154.733  263.403  212.844  282.9
131.106  327.031  184.605  348.903
173.805  244.403  233.647  261.848
114.57  276.197  168.497  299.13
177.956  357.022  232.012  372.899
122.518  359.214  172.86  381.987
168.77  194.303  212.266  214.009
315.294  428.454  356.137  428.149
136.477  304.141  191.92  324.715
141.53  277.004  198.665  297.667
116.467  340.114  167.195  363.968
151.679  132.882  117.464  155.571
122.653  300.656  176.734  323.358
185.563  60.9463  145.47  81.1001
131.188  332.547  184.234  353.891
108.692  206.934  160.199  231.252
159.023  355.59  211.821  373.813
75.3345  389.431  101.311  422.454
158.204  355.495  211.228  373.779
597.363  97.4154  515.894  99.051
161.757  279.365  219.423  298.046
471.695  201.484  460.281  201.302
206.448  363.978  260.916  376.979
161.095  303.134  217.42  321.106
132.054  287.537  187.509  309.213
164.366  326.342  217.605  344.696
278.353  423.731  320.567  428.355
354.812  329.035  392.749  327.853
142.144  343.141  195.707  363.198
129.208  333.501  182.247  355.048
136.73  285.407  192.933  305.953
325.03  421.106  364.968  419.912
332.452  435.176  373.73  431.588
297.527  268.974  338.592  276.029
340.99  307.863  380.781  309.637
161.518  269.369  220.161  288.149
136.409  253.196  194.754  273.848
159.861  329.232  214.819  347.865
540.682  263.304  548.265  252.038
142.359  343.151  195.707  363.198
533.007  456.77  543.556  429.407
131.79  301.065  186.513  322.162
132.952  270.394  190.691  291.254
139.954  322.892  193.517  343.207
194.342  326.684  251.276  340.748
323.288  275.905  366.884  280.017
481.86  373.379  479.743  360.873
122.665  281.43  178.577  303.363
131.575  350.627  183.591  372.718
122.86  355.386  173.839  377.967
192.091  339.888  246.941  354.225
346.369  139.211  389.395  150.396
121.807  282.371  178.129  304.34
141.792  49.8299  63.6316  70.3886
363.072  291.097  402.767  291.586
155.119  272.794  213.284  291.51
122.219  349.497  172.573  372.188
576.606  220.282  556.216  211.952
191.739  244.117  251.232  260.669
334.739  292.384  375.993  295.442
123.789  283.317  180.198  305.08
614.406  270.263  591.162  253.496
133.107  323.596  186.287  344.667
179.368  344.077  234.189  359.771
290.51  156.052  333.551  169.472
150.639  94.0266  111.437  116.469
136.99  273.301  194.616  294.438
161.697  325.54  216.61  343.343
159.405  355.708  211.786  373.889
489.25  162.754  460.722  164.522
304.433  286.867  347.894  292.952
157.828  300.652  214.272  318.922
170.714  67.4893  133.88  88.5091
103.767  67.8311  22.2963  90.8886
295.306  251.453  339.944  259.857
134.204  254.537  192.94  276.016
469.954  201.204  458.174  201.125
187.35  61.2754  146.431  81.4003
159.277  280.627  216.939  299.584
144.664  258.126  202.726  278.686
161.083  327.36  216.294  345.164
155.997  312.452  210.915  330.948
101.214  248.215  157.291  272.849
503.901  238.276  507.641  232.698
128.186  254.836  186.031  276.201
119.824  360.665  170.159  383.683
496.941  237.703  499.904  232.794
347.087  139.446  390.228  150.606
132.619  320.557  186.261  341.606
139.442  323.553  193.471  344.562
124.955  364.045  174.944  387.274
205.075  368.284  259.011  381.519
573.865  221.308  553.027  213.149
481.657  195.388  466.38  195.012
161.669  270.305  220.163  288.38
144.991  338.249  198.421  357.951
153.361  263.658  211.224  283.391
490.24  365.574  487.725  352.639
130.82  300.245  185.648  321.378
118.708  354.439  169.203  377.504
159.33  125.184  124.343  147.917
532.076  444.029  539.918  418.353
113.27  276.309  169.505  299.064
219.846  233.906  278.924  247.695
208.467  228.02  276.983  242.359
73.2803  399.221  103.348  432.303
193.895  347.716  248.726  361.678
560.85  398.457  555.26  373.927
121.62  280.636  178.271  302.544
513.312  222.242  517.17  216.538
343.389  311.818  387.16  312.793
154.734  272.604  212.665  291.322
135.35  323.833  189.028  344.556
143.63  48.6962  65.5425  69.1917
519.271  449.088  528.961  423.776
138.452  305.481  193.264  325.803
158.061  275.59  216.606  293.894
120.709  295.057  175.127  318.029
383.756  317.247  420.572  313.647
145.936  304.521  201.325  324.016
164.291  102.984  126.338  124.993
484.661  270.414  508.499  261.525
164.398  321.688  219.281  339.178
179.66  198.893  224.214  217.546
601.151  399.196  592.411  369.754
133.065  280.877  188.741  301.755
142.111  325.871  196.664  345.751
608.469  276.148  588.041  259.857
504.024  249.574  507.808  243.095
161.47  186.498  205.034  206.722
367.81  164.083  414.018  171.454
315.294  428.454  355.862  428.326
120.292  347.049  170.815  369.841
132.891  279.666  188.771  301.373
316.834  434.454  360.16  432.59
118.245  282.723  173.697  305.031
277.081  304.373  321.813  311.595
146.017  304.013  202.184  323.411
297.992  291.424  341.272  298.03
499.197  240.564  502.263  234.448
119.316  281.136  175.711  303.255
130.937  287.197  185.905  309.145
199.581  189.306  240.631  206.839
380.398  449.457  410.479  441.308
119.15  345.475  169.893  368.349
488.531  366.148  486.026  353.431
576.607  222.757  556.11  214.291
154.889  271.799  211.148  291.473
583.969  264.797  562.616  251.052
144.806  324.667  199.656  344.205
220.341  232.868  278.894  247.504
122.833  283.228  177.061  305.184
78.9749  221.662  139.59  247.953
207.178  368.534  261.402  381.545
318.413  178.923  362.634  189.383
54.5682  401.685  85.0944  436.286
157.142  262.815  215.781  282.222
187.569  343.89  242.67  358.53
144.954  134.197  110.179  158.066
477.044  376.118  474.97  363.259
151.163  99.1598  112.654  121.804
591.697  264.617  570.239  250.192
336.175  132.92  365.609  145.279
336.496  138.105  378.78  150.026
586.248  232.754  564.73  222.681
201.5  330.589  258.407  344.588
132.71  316.835  186.277  338.705
170.048  318.956  225.419  336.684
100.684  205.301  149.796  229.613
130.563  74.8903  52.7666  97.2109
144.548  258.726  202.557  279.392
481.719  374.224  479.743  360.873
132.195  291.478  187.58  313.285
181.933  328.354  237.194  344.713
134.651  321.287  188.059  342.048
161.901  282.222  219.453  301.021
157.748  341.475  212.911  360.377
535.941  443.922  543.136  417.899
75.5699  379.461  100.081  412.493
154.116  309.704  209.486  328.262
152.344  300.787  208.789  319.491
519.587  446.588  529.09  421.373
53.1902  401.581  83.601  436.341
205.442  366.332  260.068  379.561
490.182  368.976  487.886  355.9
523.351  437.875  532.978  413.691
515.278  234.934  516.767  228.973
314.726  433.619  357.333  432.141
69.707  394.148  95.5261  428.233
133.481  293.641  188.904  315.327
585.445  406.046  579.51  378.526
147.736  101.346  109.833  124.263
133.937  295.56  189.224  316.244
240.734  152.042  298.536  168.53
181.438  73.7872  145.072  94.5703
134.233  268.714  191.81  289.315
247.578  294.422  300.418  305.045
167.882  318.162  223.728  336.111
508.744  248.539  511.445  241.9
121.434  310.681  175.017  332.779
181.058  333.516  236.048  349.968
353.133  327.293  395.027  326.73
68.8033  394.152  95.5261  428.233
335.206  294.593  377.046  296.6
90.0257  406.704  122.582  437.646
117.052  267.077  173.382  289.368
122.14  356.985  172.614  379.548
110.809  274.595  165.374  297.607
102.744  281.229  157.025  305.043
202.862  331.031  258.455  344.065
494.549  378.456  493.524  363.059
158.48  328.9  214.297  346.752
143.682  321.929  198.443  341.529
122.025  339.001  173.204  361.371
202.103  367.249  257.027  380.863
54.1043  400.764  85.0944  436.286
297.258  131.407  323.652  146.042
143.865  245.643  201.461  265.578
589.666  263.303  567.994  249.121
322.107  145.585  364.761  156.867
348.954  207.254  390.544  213.007
79.7084  211.959  128.902  237.852
147.649  275.487  204.913  295.815
92.7737  237.286  148.843  261.762
153.929  308.759  210.047  327.205
112.547  71.2256  33.2237  93.2123
133.729  322.027  187.251  342.802
274.669  409.417  316.639  415.136
129.875  293.875  186.296  314.803
500.086  237.16  502.708  232.237
161.978  343.227  216.335  360.732
146.711  297.154  201.915  317.591
122.223  358.436  173.971  380.789
590.282  264.34  568.699  249.973
57.9404  220.497  110.019  248.016
601.047  98.78  519.603  100.423
175.446  324.54  232.192  340.463
322.299  328.171  363.403  329.956
586.698  268.066  566.337  253.576
146.697  276.705  204.79  297.064
506.079  240.577  506.283  233.943
342.924  273.837  384.159  277.31
344.458  236.631  386.033  242.047
327.987  317.268  369.422  320.015
109.319  86.6704  29.442  109.598
263.466  435.181  308.605  441.341
133.199  291.877  188.092  312.599
341.247  407.957  381.551  405.309
187.871  329.474  243.385  344.103
122.154  351.067  172.642  373.513
202.462  331.108  258.455  344.065
152.748  294.235  209.438  312.816
485.954  372.048  483.966  358.182
153.361  263.658  212.357  282.337
396.831  280.871  424.559  278.892
56.3275  219.753  111.748  247.159
473.01  191.736  457.25  192.006
135.241  339.886  188.004  360.521
300.932  148.154  347.657  160.371
141.598  127.116  108.243  149.939
146.697  276.705  203.976  297.192
147.907  242.758  206.083  262.251
74.8289  408.616  109.243  441.364
573.865  221.308  551.968  212.215
145.228  124.691  110.85  147.231
120.919  310.078  174.605  333.331
331.747  336.025  372.627  336.378
113.562  275.28  168.497  299.13
338.121  201.695  380.18  209.71
355.654  277.027  390.206  278.523
136.086  304.111  192.776  324.249
348.074  230.884  389.456  236.428
326.674  344.566  367.258  346.405
339.119  223.708  381.319  229.078
479.798  270.063  499.321  263.051
255.093  311.261  307.41  319.49
92.9855  214.339  147.962  240.031
140.151  188.78  186.372  211.453
334.898  325.015  375.754  326.805
137.241  267.102  193.042  288.718
273.843  433.315  316.09  437.368
66.9583  396.156  94.3127  430.59
208.024  193.496  247.386  211.46
538.105  269.338  540.433  257.19
133.783  268.938  190.536  289.481
319.971  326.406  361.373  328.378
165.124  94.5115  129.322  115.265
603.108  344.087  602.015  319.721
94.8521  243.181  150.484  267.378
156.186  251.989  210.561  270.857
155.285  290.868  212.598  310.428
271.677  421.904  314.306  426.41
160.439  123.474  125.033  146.402
162.38  284.755  219.753  303.704
101.839  261.885  156.708  285.521
133.212  293.33  187.98  315.313
109.397  265.292  166.715  288.03
203.463  146.647  243.828  164.743
158.827  298.632  215.059  316.506
132.843  286.835  188.709  308.784
342.941  269.945  384.218  273.758
152.189  97.7297  113.604  120.537
119.956  279.887  175.858  301.715
505.027  383.364  501.827  367.87
149.501  246.174  207.016  265.442
137.09  115.098  98.5889  139.182
155.742  268.493  214.626  286.78
315.536  281.897  359.158  287.481
98.3399  250.862  153.1  276.196
342.611  274.256  383.753  277.893
146.92  260.407  204.892  279.67
352.911  150.928  389.3  161.428
206.813  360.397  261.384  373.82
99.867  257.563  157.79  282.54
359.6  273.78  396.735  276.223
396.559  278.226  423.995  276.315
184.139  336.056  239.095  350.901
116.671  336.762  168.366  359.415
130.884  317.515  185.219  339.8
179.027  349.448  237.433  364.242
159.984  97.5094  121.596  119.979
141.681  277.157  199.746  298.2
199.412  356.595  253.979  369.446
154.606  296.709  211.43  314.889
495.458  238.052  498.75  232.083
588.713  261.007  567.282  248.395
589.626  361.662  579.712  336.919
373.506  135.893  405.767  146.371
582.211  234.052  560.313  224.528
602.776  100.495  521.257  102.173
206.278  364.155  260.812  377.651
151.268  300.478  207.6  318.984
159.679  95.6984  121.508  118.173
161.232  99.611  122.336  122.095
152.994  275.972  210.925  294.402
274.418  408.215  316.59  414.236
142.784  321.53  197.694  340.913
182.379  352.207  236.27  367.116
287.35  404.871  325.948  409.879
581.829  232.391  559.568  221.482
122.773  307.515  176.063  330.816
182.572  338.07  235.603  354.864
527.766  225.956  528.602  218.54
595.562  96.1793  514.082  98.4976
139.883  243.928  199.27  265.452
119.983  345.81  170.815  369.841
348.434  145.28  390.568  156.443
594.445  98.5005  513.204  100.71
160.372  99.503  121.645  122.072
67.7788  393.457  93.4333  428.151
298.319  175.493  342.926  187.871
252.665  377.691  300.87  384.597
501.064  383.321  498.896  366.615
52.8683  405.876  83.3564  440.445
595.846  95.9768  514.235  98.325
194.571  253.025  254.903  269.557
152.109  247.164  210.671  265.955
121.761  307.381  176.868  328.906
584.015  235.733  562.002  226.007
192.701  248.37  251.694  263.561
281.908  406.106  326.746  409.09
193.772  340.957  246.918  356.506
355.654  277.027  391.055  278.206
297.056  430.601  338.822  433.158
118.909  281.355  174.809  303.103
601.047  98.78  519.526  100.745
516.61  223.953  517.549  217.519
134.642  322.415  187.775  342.791
121.004  73.0042  40.0745  96.0534
330.587  317.243  371.701  320.071
86.3546  215.038  140.157  239.803
200.188  329.039  257.822  341.785
119.942  282.811  175.19  306.28
328.322  294.356  369.1  298.552
129.383  254.217  188.212  274.875
327.044  200.207  368.27  209.422
234.076  218.016  289.924  232.697
207.757  191.481  247.011  209.764
334.212  283.59  376.833  285.782
126.945  332.121  180.45  353.261
158.948  275.194  216.238  294.839
125.268  323.175  177.896  344.56
587.482  236.714  566.18  226.633
596.007  95.7764  514.076  98.1999
212.835  227.174  277.674  240.864
303.082  280.72  344.667  286.086
353.385  158.388  394.112  168.508
153.547  340.133  207.227  360.172
74.9251  389.482  101.901  423.059
189.192  338.073  247.601  353.613
198.617  111.869  238.281  132.846
604.522  99.5455  522.954  101.394
151.899  277.836  209.555  296.219
479.393  372.94  477.383  359.46
182.966  78.9685  145.957  100.204
179.385  368.044  236.267  384.516
52.3955  402.748  82.5277  437.202
337.033  137.947  378.286  150.369
114.596  349.165  165.21  372.055
332.368  309.042  373.716  312.129
277.399  424.524  320.449  429.778
68.6113  413.812  99.4399  446.508
578.968  258.271  557.357  245.045
583.033  90.5465  503.75  92.0091
210.554  381.313  268.938  393.643
201.594  330.057  258.407  344.588
178.375  64.1963  139.205  85.401
595.965  96.3465  514.514  98.7914
488.25  158.039  458.393  161.527
285.083  414.414  326.772  419.139
204.718  153.698  246.53  173.162
206.881  367.981  261.402  381.545
329.207  414.265  369.687  411.356
136.448  305.298  190.324  327.313
150.654  317.187  206.175  335.506
159.962  99.4875  121.181  122.23
181.346  63.9476  142.299  85.0492
120.838  308.068  174.457  331.713
160.053  99.9949  121.181  122.748
75.4418  390.36  102.648  423.933
592.155  97.7148  510.9  100.237
111.638  311.824  164.303  334.516
176.282  338.049  232.561  353.303
75.4418  390.36  102.697  423.94
597.027  96.0426  515.458  98.5098
198.511  332.476  251.022  345.805
347.739  155.469  389.782  166.188
176.753  65.2843  138.123  86.6462
120.113  307.371  173.6  329.066
182.432  68.3449  146.778  89.5768
310.096  289.812  349.922  296.248
595.772  95.6417  514.076  98.1999
114.642  349.254  165.21  372.055
299.001  149.197  342.429  163.172
199.179  326.864  256.861  341.705
136.73  285.407  192.51  305.244
121.96  274.531  177.858  297.943
133.103  349.116  187.808  369.29
65.1806  250.383  119.962  279.003
130.277  254.996  189.931  275.332
140.917  307.165  195.385  326.592
184.608  76.9608  147.758  98.2127
587.989  378.573  578.547  352.132
526.898  222.86  526.294  215.61
270.686  295.713  316.613  303.096
273.982  430.195  316.083  436.076
501.27  381.335  498.721  364.549
605.456  265.508  582.297  249.256
347.942  151.373  389.977  162.416
100.817  263.148  155.961  286.439
596.526  95.5892  515.001  98.1854
109.575  269.164  165.442  291.582
481.837  244.057  483.921  240.701
134.187  278.466  190.482  298.493
220.306  236.143  278.635  249.142
330.047  323.286  371.149  326.121
345.081  306.14  385.941  306.04
138.893  305.511  194.11  325.026
54.1043  400.764  86.5423  436.674
107.43  265.409  163.343  288.003
186.451  251.598  246.401  266.928
154.062  113.178  118.01  134.435
592.155  97.7148  511.707  100.38
150.873  303.933  207.218  322.1
101.258  265.099  155.887  288.355
342.31  315.436  383.448  317.372
130.573  75.203  53.1053  98.2243
353.354  152.762  394.639  163.453
327.467  391.021  366.375  391.618
201.437  357.489  257.39  369.524
322.766  142.412  364.127  155.538
124.217  365.65  180.045  388.974
352.806  163.554  393.602  173.579
157.478  294.937  214.812  314.729
525.922  422.733  530.317  400.945
122.665  281.43  178.428  302.534
597.195  353.096  585.874  330.389
151.925  332.184  208.643  349.955
485.954  372.048  484.092  357.541
153.102  294.969  208.698  312.992
143.457  293.695  202.013  312.382
516.729  420.898  519.922  400.791
111.939  353.84  162.211  376.846
204.58  151.693  244.872  169.044
117.976  355.772  168.359  378.086
82.7435  212.078  134.807  236.868
136.42  307.404  191.516  327.053
389.252  138.537  424.286  148.425
589.647  360.553  578.952  338.049
600.278  85.4034  517.073  88.7277
316.63  282.281  357.181  286.059
607.165  89.263  525.198  89.5944
220.555  230.684  275.39  246.44
322.566  397.456  363.562  398.239
118.272  75.8746  38.737  99.6145
270.492  238.274  315.856  247.677
112.534  346.334  163.189  369.1
111.714  356.47  161.876  379.463
537.542  445.204  545.587  419.543
109.329  200.665  158.664  223.461
119.951  357.962  169.841  382.686
141.23  294.3  199.473  313.146
258.379  307.728  309.178  315.208
63.6384  381.389  88.1543  416.792
348.678  222.666  387.563  226.832
118.425  77.0703  38.2384  98.2541
331.217  199.017  372.293  208.453
155.145  370.199  212.074  387.199
150.174  333.928  205.83  351.822
173.961  205.022  223.77  222.785
333.304  356.328  372.182  357.856
346.615  141.761  384.484  153.852
109.594  200.736  158.664  223.461
133.065  280.877  189.425  300.716
342.342  282.655  384.741  286.428
206.68  343.712  262.655  357.939
483.457  167.078  458.958  170.567
288.88  363.749  331.551  369.744
335.321  367.522  376.102  368.112
524.019  254.522  523.526  244.388
601.418  99.7211  521.257  102.173
114.259  330.206  166.192  352.382
511.218  388.772  509.352  372.652
360.804  288.469  393.082  288.269
531.665  339.793  535.196  321.298
130.728  73.9794  52.7666  97.2109
145.848  349.304  200.578  370.535
108.135  196.37  153.81  219.314
183.209  328.423  243.148  345.088
343.424  282.597  384.741  286.428
352.526  304.51  389.822  303.76
100.96  262.651  156.708  285.521
401.572  276.808  428.964  273.795
161.232  99.611  121.181  122.748
167.274  71.6264  128.034  93.9372
323.746  301.687  363.564  306.686
286.082  276.28  331.287  282.575
156.07  338.793  206.289  356.537
109.427  273.674  164.528  298.766
178.056  216.017  222.904  233.391
269.743  380.084  315.591  387.546
203.155  329.947  260.202  344.813
346.71  135.008  388.195  144.648
344.342  245.149  387.304  247.919
182.094  343.687  236.7  357.935
591.728  251.787  566.307  237.77
114.472  346.629  166.237  368.8
138.007  321.252  191.888  340.535
480.536  168.976  455.642  169.592
146.184  114.107  108.556  138.497
64.1127  333.017  70.5034  365.911
324.952  272.989  370.585  275.662
197.988  326.475  256.467  341.89
539.455  265.592  536.247  253.172
284.092  405.486  324.88  408.125
116.787  303.154  171.551  324.482
606.912  90.1822  524.989  90.1011
348.386  177.391  389.131  187.238
369.434  66.3328  404.721  82.989
349.407  221.773  391.8  228.687
604.871  98.843  522.954  101.394
98.1899  213.897  151.796  236.982
580.345  87.6277  501  91.9994
281.297  406.987  328.472  408.855
543.684  411.739  544.881  389.412
141.784  310.67  195.858  329.389
145.177  337.093  201.575  355.074
293.184  157.471  337.331  172.007
115.117  332.11  166.917  353.892
111.295  344.384  161.871  366.82
210.846  238.339  274.707  254.552
128.226  278.466  185.94  298.291
304.177  374.523  344.94  378.947
536.348  264.261  535.786  251.846
501.647  387.805  500.625  369.626
514.922  218.528  513.974  215.436
110.253  313.653  162.907  335.732
112.578  321.329  164.776  343.251
527.483  423.111  532.842  401.529
343.668  231.794  387.62  238.624
120.676  362.703  168.164  388.178
523.847  435.118  532.905  412.509
113.665  356.675  164.261  382.51
203.593  275.457  263.341  291.581
200.668  198.03  246.886  217.288
140.332  110.45  100.706  135.337
577.618  253.341  556.006  239.818
238.436  222.646  295.052  237.691
66.0967  403.061  94.1148  435.257
169.181  284.491  225.697  304.025
520.113  373.09  511.803  354.611
70.7386  385.359  95.3893  420.548
290.384  208.373  341.076  216.677
493.222  378.035  490.297  361.751
345.16  288.036  386.516  291.829
268.908  314.94  313.482  324.963
604.155  344.918  592.189  319.19
142.619  309.244  196.117  327.772
139.221  199.868  181.663  223.926
152.435  331.062  209.171  348.059
353.667  305.027  393.619  303.398
283.005  170.586  329.308  181.411
601.847  399.69  593.633  368.497
55.5844  246.308  108.53  276.723
478.967  251.666  482.95  244.803
548.991  406.069  548.014  384.117
483.924  233.278  488.627  231.26
146.391  322.809  198.117  344.952
124.816  282.3  180.483  302.389
587.824  247.756  565.131  233.755
496.043  270.44  485.197  261.766
132.458  324.11  189.011  343.178
63.6485  333.758  69.3164  366.336
97.5604  208.716  143.727  231.847
371.889  319.622  414.848  314.812
315.531  182.665  355.099  194.866
115.921  318.044  167.614  339.381
489.24  251.623  489.946  244.008
310.763  296.887  351.647  303.888
352.431  300.225  386.133  299.448
146.748  351.458  200.005  369.241
487.34  250.549  488.36  243.105
593.102  97.675  510.93  101.262
596.283  355.158  585.086  333.315
330.781  397.582  373.569  393.576
333.87  219.741  378.871  224.079
335.356  332.001  369.362  335.754
537.047  444.208  546.233  419.353
331.16  238.594  371.556  246.695
569.295  225.981  544.758  215.401
245.669  404.612  297.362  414.799
