1663
201.067  234.557  265.509  219.857
230.477  379.337  318.651  373.491
68.972  163.857  141.89  139.206
403.341  262.761  451.072  246.865
34.4236  100.461  109.88  63.4392
457.444  95.3739  474.452  77.5677
437.447  162.192  459.173  146.387
512.325  253.722  559.689  232.981
570.554  110.116  555.122  98.1968
417.836  253.083  463.425  236.529
473.051  253.687  520.326  234.593
429.14  154.019  449.374  138.587
493.305  232.928  535.846  213.015
369.293  322.322  435.616  308.218
490.361  233.774  532.675  214.071
503.331  254.726  550.694  234.399
265.276  343.974  352.713  333.324
444.415  246.428  487.539  228.976
469.353  184.517  492.758  167.916
274.462  72.8255  311.147  50.835
448.641  169.631  471.081  153.509
603.01  135.21  589.991  121.364
500.984  204.96  530.958  186.306
298.41  338.782  388.438  325.874
454.131  97.5079  470.926  79.9519
41.7833  145.055  115.398  116.773
367.898  282.046  420.491  267.762
443.316  246.406  486.648  228.936
406.262  220.664  441.399  205.212
449.528  212.863  484.909  195.359
432.524  220.773  473.059  203.142
575.868  234.006  611.495  212.019
262.632  376.241  359.007  367.767
296.27  338.475  384.872  325.844
254.266  406.93  345.228  402.141
438.691  154.392  460.817  138.147
568.555  135.952  554.553  123.888
448.051  155.282  470.79  138.532
447.376  254.913  491.617  237.479
44.1062  176.938  116.579  154.307
453.314  182.354  475.689  166.572
436.083  99.6922  454.881  82.141
277.907  352.082  372.044  340.803
602.777  135.245  589.991  121.364
430.313  244.378  472.866  227.529
37.9434  130.709  112.533  99.4994
324.428  101.85  366.493  79.4463
80.393  182.07  146.282  162.551
412.566  145.653  436.555  129.408
443.083  132.362  465.478  114.98
397.052  213.534  430.544  198.429
489.765  239.333  533.281  219.616
424.724  185.876  447.215  171.218
460.759  244.337  504.072  226.116
23.952  146.866  95.2186  119.479
402.664  262.071  450.424  246.193
443.249  176.4  465.199  160.832
449.22  212.971  484.751  195.465
491.502  245.013  537.61  224.966
278.291  352.271  372.805  341.005
440.984  128.454  463.652  110.896
427.485  170.161  450.18  154.737
477.326  233.489  519.512  214.354
79.4929  154.18  153.662  127.704
320.69  106.456  363.241  84.3069
312.866  104.284  355.38  82.1187
426.016  177.925  449.59  162.632
495.159  234.067  537.91  214.126
346.178  281.399  399.807  267.729
510.498  257.281  557.955  236.711
435.052  132.642  458.202  115.25
100.711  167.742  171.087  144.74
398.097  228.854  435.836  213.544
67.293  374.151  130.027  378.017
245.015  122.743  285.34  104.029
25.5194  107.562  100.344  71.85
253.259  209.743  313.651  192.367
390.892  323.87  460.678  308.477
349.015  280.39  401.949  266.744
235.951  211.543  296.683  194.673
426.406  178.625  450.395  163.234
414.514  260.1  462.946  243.529
473.088  85.2072  488.85  66.8427
272.362  334.698  358.86  323.042
223.318  356.017  305.255  349.031
30.1434  111.534  104.595  76.7797
482.561  227.927  524.319  208.442
49.7652  131.514  125.522  100.203
601.533  148.207  588.53  134.498
332.748  282.826  385.931  269.849
392.504  274.078  444.008  258.481
468.423  259.95  515.781  241.269
443.528  132.254  465.894  114.882
79.4929  154.18  153.809  127.561
465.749  173.994  489.036  157.242
237  210.174  298.481  192.942
439.768  119.101  462.246  101.238
394.023  235.65  431.643  220.755
331.23  282.88  384.017  270.134
403.989  264.008  451.88  248.07
352.22  285.674  406.048  272.064
483.048  246.303  530.056  226.572
277.864  352.523  372.432  341.313
47.2912  167.808  117.76  144.436
445.179  177.553  467.292  161.999
335.039  123.019  375.945  102.365
413.061  256.153  459.392  239.852
331.493  283.308  384.313  270.575
555.002  241.935  592.71  220.665
271.39  79.5787  307.527  58.3458
495.017  267.563  546.083  247.438
85.9908  177.522  155.377  156.255
455.148  159.156  477.966  142.365
584.246  135.878  571.94  122.721
564.928  382.376  600.366  364.245
445.1  179.752  467.13  164.31
270.108  120.343  305.351  102.863
405.854  264.311  453.262  248.392
79.6196  153.527  153.761  126.989
440.529  99.167  459.383  81.5244
446.798  214.342  482.316  196.898
432.109  181.128  455.446  165.77
462.373  139.775  485.237  121.951
47.3705  132.127  123.069  100.874
442.711  156.431  465.22  140.065
257.734  376.954  353.798  368.896
332.969  282.286  386.363  269.34
411.824  145.819  436.036  129.447
51.6927  160.559  124.767  135.237
457.023  103.866  472.728  86.7665
375.345  333.842  443.095  320.062
348.188  301.269  405.008  288.138
519.584  263.756  569.696  242.704
430.552  271.456  480.312  254.444
437.582  152.68  459.57  136.489
229.79  221.723  292.548  205.544
444.996  178.657  467.036  163.185
443.525  131.65  465.756  114.313
100.477  168.136  171.393  145.036
260.036  376.903  356.542  368.696
89.9099  171.704  159.084  149.558
205.563  162.657  263.298  142.41
404.748  264.15  452.382  248.214
415.921  112.999  437.074  96.0297
540.851  189.312  567.938  169.13
207.689  133.56  262.079  111.533
250.735  397.75  341.693  392.424
497.78  264.363  546.582  244.507
446.162  251.764  490.17  234.382
450.772  208.99  485.661  191.445
446.999  166.527  469.401  150.446
456.388  138.108  479.22  120.286
38.0279  131.151  112.522  100.173
435.947  150.142  458.479  133.768
203.002  94.7075  259.583  67.4485
376.881  325.389  445.372  310.933
496.8  370.316  529.995  355.762
407.958  271.153  457.104  255.321
48.0035  131.614  123.603  100.307
347.289  281.312  400.836  267.559
448.867  169.466  471.275  153.432
504.912  255.234  552.324  234.943
552.723  248.274  594.778  226.485
486.575  168.389  508.21  151.109
398.064  220.627  433.051  205.588
540.996  205.393  568.217  185.653
448.923  155.104  471.618  138.44
402.454  220.95  437.003  205.682
457.916  177.522  480.673  161.186
314.96  390.928  405.896  381.746
421.283  172.328  445.089  157.05
100.477  168.136  171.192  144.937
541.068  205.625  568.252  185.893
446.471  163.707  468.863  147.367
249.062  218.404  310.698  201.544
311.145  102.59  353.869  80.1846
278.335  125.993  313.35  108.89
472.726  122.952  495.003  104.287
416.29  322.352  481.899  306.157
440.835  133.811  463.367  116.596
415.772  258.959  463.432  242.287
479.081  194.864  503.679  178.06
451.113  94.1607  469.284  76.2273
75.4134  369.729  138.855  372.663
335.039  123.019  375.704  102.602
457.013  168.056  479.593  151.438
405.955  225.136  442.383  209.701
470.311  184.811  494.258  167.957
416.842  258.97  463.751  242.392
440.841  146.383  462.6  129.922
461.646  97.7525  478.655  80.0174
475.734  256.112  522.666  237.185
520.165  270.492  570.678  249.665
51.138  157.933  123.348  132.56
262.093  405.299  357.646  399.569
479.379  196.057  504.08  179.055
392.156  269.687  441.832  254.351
293.479  128.904  332.478  110.383
425.076  193.537  451.403  178.359
412.097  222.159  447.762  206.529
495.771  368.817  529.265  354.072
409.688  244.721  451.453  228.949
343.429  283.93  394.96  270.813
449.461  137.013  471.812  119.484
494.286  233.086  536.712  213.28
212.539  70.8857  268.05  41.2766
475.754  151.603  497.856  134.029
442.471  156.11  465.178  139.735
584.779  76.7655  567.22  64.528
251.712  211.375  312.104  194.338
377.573  275.009  429.954  260.073
411.765  237.472  451.195  221.757
370.184  250.989  414.51  236.338
300.092  134.761  339.033  116.328
406.248  269.992  455.973  254.097
452.027  175.359  474.546  159.198
447.899  252.013  491.551  234.677
508.649  261.54  558.092  240.798
324.85  102.853  367.493  80.2282
39.0822  91.7118  114.124  53.5961
82.5464  153.628  156.693  126.946
447.729  239.901  490.968  222.105
274.676  217.582  333.953  200.522
506.34  277.837  558.296  257.696
339.006  283.902  391.204  271.075
450.865  137.284  473.158  119.971
426.833  165.282  449.297  149.904
510.678  261.064  559.795  240.507
580.833  144.494  568.878  131.498
237.515  390.208  324.29  385.009
462.886  241.758  506.142  223.196
454.457  183.774  476.886  168.087
423.086  125.711  443.925  109.249
297.488  339.275  387.53  326.336
499.632  255.08  546.841  234.83
504.919  276.451  554.341  256.485
278.696  92.3298  316.859  71.2189
228.147  221.129  290.923  204.733
503.664  248.507  550.497  227.877
296.811  340.173  386.967  327.329
369.106  276.877  420.571  262.568
560.573  112.383  546.317  100.699
308.042  92.5353  349.962  69.8793
478.878  153.246  500.68  135.455
471.966  184.137  495.282  167.583
489.635  237.861  533.492  218.181
512.814  264.067  562.247  243.24
470.152  183.965  494  167.347
569.369  134.059  554.869  122.196
237.793  210.182  299.315  192.837
494.923  248.448  542.955  228.213
296.706  128.583  336.29  109.528
393.078  273.802  443.889  258.204
496.876  220.542  534.242  201.182
361.016  249.921  405.295  235.553
478.262  160.195  500.649  142.795
384.102  248.246  425.436  233.764
390.274  279.145  442.887  263.63
371.751  276.501  422.595  262.183
58.146  108.672  134.349  73.3714
58.2089  109.56  134.304  74.462
484.884  227.369  526.858  207.816
402.369  221.315  437.288  206.212
546.274  202.227  573.962  182.022
294.96  65.6155  333.434  41.9057
63.132  154.817  136.325  128.46
235.031  353.72  334.643  344.013
470.051  182.678  493.589  165.82
428.777  172.192  451.997  156.842
204.878  155.012  256.675  135.864
438.731  126.077  461.077  108.402
463.188  137.634  486.252  119.722
370.658  253.045  414.58  238.824
358.685  280.731  411.169  266.9
312.77  101.379  355.486  79.0988
346.231  296.865  403.694  283.367
297.814  339.402  388.263  326.388
474.908  144.765  497.877  126.761
276.195  429.605  373.221  425.15
260.787  376.575  356.837  368.125
460.772  158.381  483.588  141.149
488.201  250.04  535.435  230.021
514.599  261.895  564.601  240.783
416.601  258.836  464.286  242.365
439.838  118.864  462.787  100.949
356.528  273.851  406.26  260.215
206.96  131.448  261.559  108.895
448.88  155.591  471.638  138.996
390.932  268.475  438.921  253.176
607.935  133.042  595.527  118.959
308.591  385.797  400.708  376.177
214.044  405.435  300.135  402.823
418.042  119.734  439.371  102.726
475.734  256.112  522.378  237.291
381.95  279.459  434.622  264.585
376.119  287.854  432.693  273.029
455.799  183.833  478.996  167.943
441.932  134.489  464.034  117.454
402.288  218.218  436.91  203.063
449.612  220.033  486.402  202.667
436.979  162.259  458.693  146.638
484.66  230.101  526.824  210.656
466.661  160.354  489.316  143.015
467.388  182.386  490.673  165.984
415.83  117.043  436.719  100.439
462.539  153.943  485.491  136.755
396.498  254.602  444.635  238.317
448.728  117.658  471.001  99.2897
311.807  102.727  354.603  80.224
489.983  190.904  513.568  173.513
573.538  117.922  558.106  105.752
618.488  75.725  603.663  61.535
314.357  284.832  368.341  272.783
372.287  279.499  424.904  264.71
374.615  293.374  431.508  278.557
432.224  133.239  454.553  116.414
316.053  128.466  358.602  107.985
458.06  92.0503  474.686  74.0343
446.806  164.751  469.136  148.377
197.931  138.221  253.321  116.178
546.339  205.528  573.831  185.771
359.466  283.689  415.4  269.083
461.521  138.092  484.353  120.35
233.285  210.476  294.259  193.721
383.203  280.169  435.896  264.95
434.302  127.413  456.623  110.273
611.572  148.042  599.117  133.878
262.093  405.299  356.22  399.593
488.103  249.668  535.412  229.595
449.176  136.458  471.612  119.185
302.101  71.0009  340.514  48.0088
469.862  191.535  490.804  175.569
199.025  138.295  254.485  116.584
70.8355  173.438  139.678  151.882
183.844  155.353  233.745  137.126
460.542  155.638  483.454  138.615
311.322  385.108  402.426  375.705
438.637  184.593  460.44  169.746
447.526  252.389  492.349  234.926
343.415  296.942  399.781  283.711
440.979  230.402  485.674  212.187
383.848  245.757  428.174  230.236
443.134  247.664  486.368  230.473
222.133  155.587  274.96  135.855
442.729  134.875  465.045  117.793
53.5757  156.956  126.574  130.853
477.795  160.455  500.205  143.124
573.478  136.58  560.45  123.838
458.72  146.34  481.66  129.014
403.989  264.008  452.382  248.214
485.375  168.546  507.213  151.368
537.104  387.459  576.341  370.698
490.683  268.1  538.717  248.949
557.947  203.619  586.284  182.786
477.183  169.939  500.08  152.851
390.217  288.28  445.739  272.724
470.071  156.745  492.839  139.087
607.668  133.108  595.08  119.121
48.2312  149.748  122.026  122.491
542.79  212.272  571.381  192.267
298.41  338.782  387.612  325.802
375.878  275.557  426.669  261.084
50.3304  195.988  117.734  178.182
438.96  95.7122  455.345  78.4983
469.894  148.007  492.459  130.463
458.086  184.595  481.146  168.716
424.19  321.421  492.058  304.804
417.864  264.051  466.91  247.587
494.383  233.687  537.111  213.929
481.992  160.047  504.14  142.631
378.417  274.994  430.238  260.21
402.882  262.231  450.726  246.505
515.172  259.927  564.362  239.197
292.22  130.934  329.996  112.681
474.252  144.062  497.124  126.133
452.646  243.562  496.33  225.732
311.983  384.903  402.468  375.525
507.892  235.793  547.749  215.734
289.788  336.069  377.627  323.78
249.442  397.661  341.693  392.424
276.321  55.1266  314.228  31.2877
434.232  176.649  456.921  161.061
492.13  280.993  547.506  260.731
190.488  122.658  246.14  99.2695
450.978  93.7988  469.045  76.0015
294.961  377.191  391.931  367.004
452.063  94.2006  470.554  76.2519
397.296  228.327  434.448  213.323
448.334  151.855  470.911  134.812
335.826  131.207  380.857  109.658
482.568  228.484  523.053  209.027
546.765  207.235  574.469  187.506
438.811  152.73  461.352  136.493
540.101  388.096  579.581  370.777
198.528  84.5218  254.497  56.1881
457.867  184.685  481.119  168.788
440.127  117.945  462.887  100.099
443.329  188.753  466.187  173.652
441.817  164.838  463.686  149.156
485.649  168.225  507.438  151.064
456.36  141.963  479.255  124.581
91.4047  82.4575  166.961  44.3113
485.358  85.2546  501.558  66.1849
232.933  211.604  293.899  195.007
215.693  350.255  283.29  344.998
357.215  243.47  400.436  229.464
432.4  226.647  471.539  209.362
484.954  196.067  510.456  178.549
236.182  211.524  296.619  194.981
303.831  134.185  343.084  115.864
497.45  280.09  551.045  259.836
427.529  133.273  449.069  116.887
539.96  385.771  579.022  368.874
398.702  217.282  433.311  202.282
486.085  268.489  537.036  249.079
272.429  200.571  329.821  182.951
435.858  138.148  458.443  121.396
446.181  246.404  489.524  229.049
474.218  135.466  496.737  117.318
450.856  94.4524  468.984  76.6805
278.781  91.9642  316.859  71.2189
467.332  225.42  507.414  206.954
542.771  186.292  569.58  166.299
30.3733  188.521  90.3732  172.215
418.821  269.093  468.262  252.796
585.526  136.794  573.484  123.683
468.599  172.663  491.566  155.56
470.628  230.052  512.261  211.338
440.631  103.747  459.461  86.4815
495.908  369.984  528.466  355.668
449.306  124.222  471.797  106.457
295.559  74.9893  333.203  52.2905
364.863  277.774  417.095  263.649
578.325  105.379  561.838  93.6327
538.123  387.991  577.388  371.222
422.887  320.668  489.671  303.793
537.155  386.83  576.424  370.094
280.823  310.906  341.71  300.863
369.066  276.96  420.852  262.701
483.604  162.26  503.749  144.946
436.415  180.478  459.833  164.745
528.737  370.777  568.565  354.133
351.749  286.418  407.183  272.778
554.644  204.792  582.471  184.663
451.254  177.76  473.572  162.12
375.661  270.006  425.434  255.466
397.925  233.984  435.176  218.752
456.462  143.521  479.521  126.178
479.511  159.328  501.868  141.962
431.72  126.083  453.745  108.633
336.048  281.673  389.404  268.748
432.307  129.013  454.78  112.03
446.789  212.903  481.892  195.31
80.8757  158.456  153.991  132.748
602.448  103.922  588.629  90.3965
470.131  184.511  494.258  167.957
487.563  167.556  509.102  150.394
278.411  136.463  317.348  118.496
234.273  212.073  294.741  195.649
444.65  112.633  466.246  94.2918
471.159  191.458  495.34  175.096
237.793  210.182  298.481  192.942
456.677  92.0275  474.686  74.0343
419.768  156.169  441.804  140.91
439.607  247.433  482.149  230.574
478.178  149.773  500.507  132.121
464.169  96.8869  479.428  79.2281
586.078  141.914  573.466  128.976
569.615  106.278  552.671  94.5514
46.6013  172.809  117.15  149.969
38.1767  130.569  112.651  99.6854
53.5746  159.271  126.504  134.019
195.875  89.3442  252.69  61.1868
564.064  127.847  547.704  116.298
482.556  257.302  530.224  237.654
409.593  269.751  459.591  253.799
205.833  130.83  259.997  108.27
265.191  140.642  310.614  121.142
477.091  179.717  500.602  162.892
311.974  103.455  354.81  81.4299
87.6527  166.966  158.724  143.277
435.595  150.682  457.77  134.62
537.495  387.846  576.94  371.123
397.052  213.534  431.16  198.576
368.552  268.693  418.588  253.823
543.711  185.125  570.61  165.075
543.077  211.847  570.777  191.935
483.109  255.4  530.807  235.632
428.208  133.297  449.633  116.968
229.556  137.168  276.303  118.062
602.348  110.083  588.354  96.6681
435.151  155.955  456.76  140.284
334.445  124.101  375.165  103.384
477.648  184.38  500.074  167.964
450.895  95.3877  468.862  77.7522
445.74  151.367  468.584  134.806
556.683  241.631  594.449  220.587
587.837  137.781  575.786  124.622
547.652  206.349  575.388  186.61
49.2095  126.897  124.211  94.8691
463.638  164.796  486.38  148.148
480.221  172.082  502.188  155.274
442.711  156.431  465.178  139.735
267.657  145.614  311.629  126.933
428.042  165.805  450.321  150.608
357.785  261.646  402.511  248.354
464.2  188.943  487.723  172.95
479.632  175.201  501.947  157.881
382.844  277.081  435.931  262.086
482.058  260.482  531.056  240.731
470.984  229.789  512.611  211.104
563.64  126.958  547.833  115.812
37.6127  110.72  113.391  75.8043
423.337  218.883  458.991  202.85
290.347  84.4914  329.727  61.9435
458.474  168.051  481.098  151.186
483.3  254.302  531.253  234.41
445.336  188.424  468.211  173.301
215.626  144.303  269.658  123.632
457.438  92.4286  475.302  74.5166
441.799  164.911  463.739  149.288
217.739  228.788  281.543  212.969
491.208  361.969  524.624  347.165
376.369  271.351  426.585  256.827
406.568  224.852  442.819  209.029
379.297  275.879  431.753  261.084
296.298  108.068  336.954  86.89
300.396  71.9286  339.082  48.4429
411.943  261.401  460.251  245.272
459.134  186.207  482.42  170.387
281.272  355.597  378.233  343.918
289.086  84.266  328.255  61.7832
457.374  91.7192  475.323  73.7593
312.952  284.894  368.341  272.783
448.427  226.815  486.772  209.001
403.198  218.084  438.048  202.974
386.957  255.682  430.164  241.244
434.696  148.13  457.075  131.976
547.15  389.271  584.831  371.652
395.993  218.679  430.391  203.972
464.603  151.255  487.312  133.485
463.15  188.995  486.613  173.085
383.005  225.748  420.683  210.532
95.7087  174.92  166.22  152.525
310.565  385.429  402.217  376.167
64.1824  159.019  137.713  133.032
449.489  137.437  471.995  120.305
493.16  236.97  535.819  217.519
50.527  158.512  123.348  132.56
466.744  139.905  489.855  121.491
159.919  164.007  211.66  146.226
293.733  400.003  389.48  391.933
196.561  125.748  249.284  103.835
423.912  123.288  444.617  106.92
57.2376  99.8139  133.683  63.315
314.15  398.764  404.984  389.874
209.031  134.516  263.004  112.323
282.586  67.0938  320.844  43.562
369.13  252.615  413.118  238.581
369.626  331.254  440.002  317.474
430.124  127.014  452.035  110.253
406.423  120.039  428.048  103.791
394.023  235.65  432.2  221.001
437.245  163.684  458.881  147.651
94.6351  154.356  167.611  128.103
398.702  217.282  433.005  202.448
461.647  121.545  483.914  103.417
75.8977  176.286  144.354  155.431
566.089  116.956  550.122  105.741
178.655  154.059  232.131  134.41
393.785  218.933  429.324  204.084
484.313  175.956  506.798  159.042
269.953  398.092  367.408  391.572
457.322  94.9673  473.971  76.934
376.37  276.453  429.623  261.699
396.903  224.195  432.527  209.458
89.9099  171.704  159.219  149.919
351.081  285.011  405.686  270.906
612.48  97.5906  599  83.5813
322.198  304.604  382.024  292.678
463.203  138.325  486.278  120.618
396.313  209.206  430.91  194.023
293.194  330.358  380.228  317.633
415.973  161.058  441.095  144.714
52.3219  132.672  127.063  101.739
416.842  258.97  463.917  242.137
293.333  401.536  389.957  394.182
401.57  213.302  435.516  198.271
182.069  156.607  234.225  138.296
437.473  176.36  459.949  161.234
458.767  134.938  481.711  117.287
476.496  234.334  518.779  214.886
452.673  181.205  475.659  165.564
350.122  128.169  391.683  107.042
584.273  69.6432  567.899  57.4521
459.061  91.6589  477.096  73.6547
82.0594  150.402  155.932  123.794
427.741  270.577  477.578  254.022
430.932  184.889  453.818  170.227
425.443  165.702  447.807  150.63
472.233  230.163  514.199  211.43
242.497  369.437  331.99  361.632
72.5701  157.611  145.181  132.496
51.1234  162.179  123.556  136.935
440.428  181.937  461.812  167.187
206.429  101.473  262.346  75.676
602.777  135.245  590.3  121.601
369.638  282.081  422.417  268.02
469.462  172.039  492.5  155.433
285.36  344.375  376.905  332.036
318.05  129.77  361.258  108.954
456.95  94.7206  475.006  76.9187
440.149  240.533  482.058  223.56
400.238  228.876  437.903  213.808
472.498  92.0129  487.714  73.8071
607.713  150.131  595.352  136.291
479.632  159.871  501.868  141.962
292.04  74.617  329.616  51.8372
396.59  113.293  417.954  96.4224
544.751  214.417  573.201  194.959
324.307  303.47  382.066  291.049
220.233  157.336  272.94  137.674
469.651  174.545  492.574  158.058
430.256  184.247  453.341  169.554
441.633  133.779  463.903  116.87
81.7758  178.786  150.596  157.472
360.957  250.094  404.97  236.277
272.841  198.129  330.5  180.35
412.186  260.054  458.424  244.295
248.393  224.301  307.525  208.348
548.59  204.247  576.285  184.498
415.253  227.622  451.798  211.463
436.024  157.221  457.592  141.671
468.504  86.335  485.684  68.1089
340.138  273.115  391.213  260.043
480.225  170.174  502.426  153.324
453.4  158.019  476.243  140.82
200.009  244.485  265.599  230.875
60.0272  123.353  136.498  91.0194
452.569  174.758  474.983  159.058
64.4316  158.383  138.03  132.217
465.404  143.56  488.487  126.024
334.566  125.853  375.282  105.163
300.845  60.5921  339.73  36.7463
441.633  182.095  464.916  166.861
198.612  129.27  254.484  105.88
305.762  367.818  399.428  357.147
68.9938  376.054  131.845  380.411
602.547  142.822  590.181  129.218
592.879  145.821  581.077  132.512
243.01  145.857  292.993  125.6
39.7356  198.292  104.949  180.974
456.783  140.891  479.996  123.523
441.6  118.308  464.484  100.56
458.131  132.65  481.198  114.936
326.015  279.857  378.464  267.518
601.342  86.7305  587.244  73.3416
312.958  361.781  406.613  349.507
409.748  201.356  439.5  186.52
393.058  254.421  430.971  240.037
588.234  135.069  576.154  122
563.595  103.645  546.731  92.0039
443.239  157.307  466.206  140.383
611.55  135.758  598.992  121.795
80.3858  154.035  154.177  128.05
441.959  93.4755  460.03  76.1181
407.499  327.16  480.596  310.376
197.673  115.779  254.738  91.2398
275.789  340.129  364.927  328.064
58.2203  155.715  131.562  129.935
294.343  339.11  346.962  330.825
261.286  215.223  321.042  197.938
292.741  57.0275  329.289  33.9317
457.911  167.996  480.56  151.817
548.884  203.878  576.472  184.165
275.321  74.3436  311.987  52.0635
442.739  192.642  465.877  177.812
400.314  270.884  452.836  254.276
455.523  182.178  478.702  166.477
435.088  149.576  457.411  133.58
294.945  376.969  390.998  366.667
480.501  177.946  503.18  161.273
391.162  231.121  432.959  214.877
403.131  316.546  466.183  301.448
416.464  258.22  463.91  242.015
301.134  62.8123  339.593  38.5248
286.489  70.1099  324.908  46.6372
442.634  95.9712  460.875  78.6641
89.9534  172.99  160.769  150.116
417.734  218.928  452.659  203.391
236.03  210.891  296.147  194.562
283.252  66.3299  321.554  42.612
398.039  219.567  432.667  204.875
409.783  122.122  431.326  105.986
575.151  92.5422  558.746  81.0004
555.879  206.11  583.732  185.326
294.699  330.04  381.698  317.306
220.361  341.548  285.444  335.905
586.078  141.914  574.065  128.979
438.659  171.561  461.744  155.31
374.734  307.452  436.781  293.22
81.9576  153.496  155.47  127.573
416.601  258.836  463.385  242.791
454.079  182.835  477.181  167.25
348.25  283.362  399.168  269.827
306.216  397.507  398.159  388.746
273.579  59.2098  310.943  35.3304
468.215  149.214  490.934  131.956
582.598  79.1373  566.277  67.1677
442.482  137.265  464.621  120.578
428.735  127.206  449.275  110.168
65.3393  193.021  129.37  175.265
41.5141  225.601  108.628  212.345
457.078  115.037  473.777  98.5629
38.4717  203.154  106.349  185.614
400.436  212.844  434.879  197.808
581.201  77.7378  564.006  66.084
443.033  159.618  465.131  142.991
586.11  45.0674  566.938  32.6918
334.241  127.034  374.839  106.415
271.648  92.0333  309.91  71.5331
416.497  258.525  463.751  242.392
431.506  168.282  452.346  152.737
447.75  105.584  465.96  88.5677
589.641  100.924  575.923  87.2153
300.641  60.5628  339.111  36.9458
475.379  175.182  498.586  158.504
446.898  245.831  490.314  228.608
500.301  230.046  541.805  210.365
52.2711  156.833  124.201  131.74
585.47  141.87  573.466  128.976
492.965  366.423  525.625  351.55
483.84  268.459  533.306  248.76
618.359  147.403  605.461  133.295
490.219  252.069  539.408  231.42
240.332  365.46  329.589  357.314
408.979  212.317  442.924  197.062
455.251  127.932  478.215  110.194
444.053  138.791  466.38  121.207
350.381  381.645  437.303  369.775
433.379  121.574  454.699  103.89
100.711  167.742  171.393  145.036
351.954  284.662  405.745  270.536
588.815  134.403  576.729  121.354
232.568  219.527  295.333  202.567
443.512  111.112  465.871  93.1933
483.461  246.717  530.071  226.584
220.637  146.094  273.965  125.922
451.782  176.669  474.371  160.228
437.996  134.893  460.86  118.062
572.735  378.116  607.672  359.925
300.576  66.9224  340.105  43.4428
404.801  218.249  439.982  203.149
247.544  213.312  309.173  196.56
46.6601  172.172  117.15  149.969
464.76  244.197  508.421  225.277
430.776  184.901  453.341  169.554
278.532  224.657  337.5  207.834
45.3117  110.339  121.316  74.7261
447.395  105.514  465.628  88.5155
390.274  279.145  442.284  263.438
82.5945  153.634  156.343  127.681
480.041  188.614  502.621  172.383
483.84  268.459  533.207  248.763
451.113  94.1607  468.986  76.6752
205.803  143.395  261.743  122.261
204.022  122.329  259.726  98.1231
550.874  184.106  579.78  163.458
42.4012  201.539  120.218  181.36
393.76  252.332  437.68  237.463
451.696  163.398  474.41  147.312
262.942  406.235  357.111  400.305
462.827  190.003  486.175  174.31
196.284  88.8536  252.794  60.5624
433.545  126.935  455.922  110.056
458.679  241.817  503.095  222.877
448.905  124.111  471.797  106.457
584.174  53.6396  565.27  41.3095
69.179  376.775  131.845  380.411
395.353  288.512  451.545  273.273
470.975  183.673  495.362  167.198
556.271  193.523  584.172  173.188
442.471  156.11  465.22  140.065
255.942  203.487  315.562  186.177
436.364  151.677  458.751  135.766
407.511  235.775  447.272  220.415
311.807  102.727  354.473  80.9075
89.1466  167.069  160.41  143.129
410.162  257.444  456.311  241.756
537.152  202.224  564.2  182.217
479.273  169.397  501.37  151.764
614.299  96.0349  600.828  82.0719
409.257  244.744  451.111  228.408
466.154  384.685  501.847  372.142
403.61  263.811  451.948  247.391
602.695  136.064  590.3  121.601
371.496  279.04  421.592  264.411
236.825  244.986  299.521  230.237
64.2374  153.838  138.503  127.557
432.125  103.882  451.772  85.9239
400.675  274.546  450.435  258.538
232.82  217.741  295.362  200.633
365.373  128.576  411.749  106.417
449.461  137.013  471.612  119.185
584.727  54.0047  566.217  42.4619
435.781  136.36  458.758  119.668
495.908  369.984  529.995  355.762
478.634  176.846  502.259  160.043
213.012  97.8976  267.8  72.2529
445.037  242.464  486.895  225.514
436.65  119.538  455.45  103.336
472.574  183.705  496.169  167.383
279.08  74.8162  316.452  52.169
410.014  261.723  457.53  246.016
491.534  188.472  514.775  171.663
442.593  112.93  461.686  96.1729
325.686  100.823  368.031  78.7359
467.776  136.242  490.532  117.575
590.963  134.304  578.531  121.3
353.035  284.799  406.713  270.607
433.455  175.912  455.747  161.116
477.141  168.659  499.499  150.989
396.457  217.52  429.959  202.165
420.934  322.952  492.687  305.384
280.694  125.488  316.304  107.503
504.52  263.115  557.543  241.626
589.803  134.117  577.677  121.09
554.6  204.391  582.306  184.526
594.336  82.1994  579.626  69.3559
484.003  244.584  529.971  225.368
444.462  247.205  487.563  230.269
312.137  385.259  402.73  375.215
50.3991  159.713  123.082  134.834
453.703  88.7475  470.422  71.3718
471.385  183.662  495.605  167.255
260.58  383.288  356.925  375.133
46.6122  107.778  123.897  71.1133
587.143  67.4772  570.271  55.4708
197.403  227.366  260.725  211.824
580.582  127.248  567.577  114.83
387.487  277.002  438.661  261.381
602.088  134.696  589.453  121.282
457.305  167.142  480.213  151.001
295.782  127.914  335.301  109.501
516.724  259.017  565.621  238.535
444.557  95.3977  462.533  78.1992
274.234  215.302  333.545  197.666
463.809  189.495  487.296  173.775
378.247  269.472  427.911  255.085
394.326  287.174  447.011  271.543
335.326  123.518  375.704  102.602
265.615  124.699  301.021  107.001
448.136  229.262  488.137  212.02
602.757  68.5165  587.728  55.3219
509.523  361.956  547.47  346.558
370.342  249.171  411.976  235.583
493.307  233.41  535.846  213.015
307.624  91.4744  349.948  68.9864
509.932  250.579  557.645  230.249
313.139  389.076  403.139  379.318
507.988  250.704  556.708  230.278
591.564  91.1195  577.522  78.2981
268.963  199.154  328.037  181.351
405.593  254.871  451.144  239.415
601.129  85.9841  587.064  72.7321
520.413  234.801  557.523  214.409
34.7612  91.1103  110.371  52.8839
409.257  244.744  451.902  228.186
193.99  133.174  249.286  110.293
479.94  177.936  503.18  161.273
197.687  126.181  253.171  102.439
436.877  163.932  458.444  147.73
417.773  154.014  440.925  138.702
333.685  126.881  374.054  106.23
198.164  130.211  253.307  108.111
434.971  146.825  457.175  130.891
216.938  227.587  281.005  212.427
208.452  117.819  263.011  94.5222
588.234  135.069  575.567  122.307
264.645  124.717  300.079  107
365.159  320.04  429.674  306.761
574.835  91.4068  558.007  80.1312
221.461  236.234  285.061  220.828
294.637  44.5864  333.079  19.7795
217.521  151.065  270.515  131.648
618.055  130.65  605.283  116.595
216.173  158.079  269.285  138.226
199.283  139.57  254.483  117.343
458.051  176.358  481.425  160.451
603.734  90.7312  589.504  77.4796
45.7636  174.201  115.838  151.443
483.225  176.326  505.587  159.719
549.535  206.79  576.925  187.329
585.264  54.1317  566.71  42.6636
68.601  169.215  139.623  145.498
64.1487  158.265  137.713  133.032
521.552  175.119  537.57  157.432
449.18  155.933  472.152  139.68
447.761  151.976  470.651  135.637
37.2747  103.502  113.216  67.4944
294.174  329.697  381.477  317.056
586.783  142.309  575.005  129.428
601.439  85.0453  587.291  71.8285
360.975  252.752  404.801  239.313
302.756  131.236  342.692  111.709
486.805  234.036  531.907  214.476
601.155  138.008  588.384  124.74
506.789  249.95  554.63  229.743
273.061  212.776  332.259  194.932
582.211  75.7906  565.24  64.1535
463.688  167.902  486.519  150.507
431.583  101.095  451.793  82.7407
448.726  261.646  495.468  243.462
286.663  47.5442  325.129  23.0899
586.167  142.377  574.344  129.552
420.762  268.15  469.91  252.119
49.2095  126.897  125.234  95.3253
516.74  249.604  565.771  228.766
506.041  263.007  557.543  241.626
334.782  287.299  387.954  273.99
572.945  117.316  558.106  105.752
462.729  95.7117  479.847  77.1288
63.6029  132.57  138.798  102.608
622.072  142.897  609.107  128.785
467.392  240.831  510.735  222.727
412.876  260.571  460.39  244.796
294.058  127.532  335.676  108.512
586.308  142.325  574.553  129.494
81.9576  153.496  156.208  127.479
588.281  81.3517  572.682  69.1195
602.294  138.661  589.557  125.366
600.479  85.5779  586.179  72.4869
469.219  183.827  492.951  167.725
465.032  247.452  507.306  228.779
581.778  67.9945  563.4  55.5783
448.757  152.802  471.667  136.499
212.854  119.905  264.729  96.6185
273.132  59.7996  310.632  35.7331
257.903  376.323  353.836  368.726
371.923  246.061  415.132  230.832
424.241  158.352  446.272  142.177
379.767  264.257  427.913  249.899
46.6601  172.172  116.667  149.077
257.666  414.537  348.054  410.864
322.857  281.438  375.773  269.456
431.101  119.077  452.815  102.279
481.044  190.673  505.4  174.21
217.018  223.956  279.683  208.869
283.869  66.5227  321.543  42.8528
287.181  47.3174  325.129  23.0899
366.412  128.153  412.006  106.322
383.987  268.39  432.166  254.085
274.328  430.358  374.075  425.513
292.984  378.106  391.026  367.613
581.097  75.7975  563.801  64.3584
411.001  222.946  446.923  206.62
59.3548  147.647  133.693  120.442
604.394  77.7882  589.836  64.5705
547.732  204.774  578.125  183.533
474.908  144.765  498.007  127.193
452.103  163.625  474.858  147.692
261.042  207.798  320.902  190.845
584.288  69.3549  567.899  57.4521
87.854  169.141  159.675  145.132
499.803  180.813  521.127  164.036
247.274  205.695  304.782  189.528
279.061  224.724  337.5  207.834
445.179  230.154  484.289  212.131
616.725  136.037  603.993  122.133
600.779  85.2995  586.692  72.1711
421.713  230.682  474.147  212.025
254.139  405.137  346.725  400.721
494.305  368.589  528.664  354.556
446.444  189.135  470.2  174.125
211.237  114.935  266.351  89.9014
286.841  131.985  323.953  114.994
444.477  170.032  467.655  154.527
79.6196  153.527  153.809  127.561
51.9633  160.196  124.715  134.221
41.1749  202.211  108.328  184.551
414.416  261.395  462.489  245.543
328.555  126.418  366.723  106.456
487.705  263.595  533.369  243.986
483.74  174.847  506.21  158.232
476.061  251.487  521.872  231.822
205.711  150.85  260.575  129.751
102.695  123.407  178.939  92.262
387.698  308.321  450.844  292.392
470.975  183.673  496.385  167.138
452.683  173.246  474.795  157.844
268.963  199.154  328.073  180.174
604.661  72.0954  590.091  58.8533
277.207  107.738  315.858  88.5389
268.927  53.2547  307.414  29.5352
48.9381  109.054  125.294  74.3233
352.428  308.539  413.65  295.691
571.391  125.812  556.578  114.43
336.099  296.344  392.315  284.229
422.014  197.788  450.047  183.031
310.805  131.279  347.626  112.482
79.8062  160.478  153.417  134.457
573.478  136.58  558.972  123.753
274.785  411.105  373.078  405.808
476.495  191.43  501.32  175.122
585.878  52.839  566.654  40.3133
244.959  346.153  334.14  335.709
430.369  167.376  451.596  152.832
566.825  382.244  602.047  364.624
424.207  161.135  448.41  145.767
57.3354  99.4416  133.683  63.315
454.149  256.456  498.916  238.068
36.6197  103.341  113.035  67.1962
273.26  59.5494  310.345  35.5428
474.584  149.386  497.21  132.196
614.681  67.8724  600.563  54.075
585.045  79.9126  568.343  68.2318
330.128  262.232  379.044  249.628
198.705  243.35  262.605  229.026
462.714  95.5162  481.098  76.4177
540.833  202.376  568.095  183.31
569.872  285.308  608.247  265.263
427.464  156.448  449.426  141.392
237.579  391.306  324.981  386.941
450.856  111.281  472.724  92.1497
469.56  136.983  492.255  119.48
286.842  131.03  321.13  114.966
442.776  383.647  480.324  372.378
481.552  285.228  535.542  266.732
612.816  73.6424  598.185  60.148
322.924  114.131  364.573  93.5934
468.104  135.681  490.814  116.772
474.478  260.198  521.933  240.619
51.5481  162.361  123.556  136.935
405.462  210.478  434.364  196.707
290.049  56.7405  326.945  33.8377
208.168  129.423  263.674  107.205
405.552  113.796  426.959  96.3057
364.094  146.443  411.305  124.164
71.6943  161.995  145.646  135.966
438.021  165.778  460.437  150.62
462.794  226.267  502.455  208.584
471.385  183.662  495.379  166.109
461.602  227.67  502.5  209.84
464.173  165.55  486.738  149.395
435.386  181.243  457.997  166.726
79.6196  153.527  153.662  127.704
605.483  77.7125  591.015  64.5264
613.192  73.8586  598.518  60.3848
574.026  124.367  559.533  112.843
39.152  170.037  108.15  146.794
274.887  219.497  334.194  201.983
444.875  95.2226  462.462  78.3526
229.202  395.521  315.224  390.692
39.7849  203.05  106.349  185.614
602.744  139.734  590.097  126.536
47.1839  168.073  116.941  144.312
449.777  122.388  472.539  104.949
196.393  95.1301  253.104  68.7183
37.4201  202.975  104.08  185.497
221.154  231.488  285.122  215.361
355.502  123.773  399.045  101.171
336.705  289.683  391.635  277.426
34.1045  91.5733  110.169  53.4129
359.215  278.516  410.948  265.247
468.4  142.512  491.268  125.264
85.5016  154.078  157.357  127.703
55.7681  99.1823  132.26  62.9637
331.354  118.431  372.861  98.1347
567.109  368.875  604.238  350.951
618.527  75.1343  603.663  61.535
426.829  154.998  448.846  139.949
483.917  174.296  505.957  157.875
571.963  119.872  556.878  108.606
55.3867  99.1637  131.951  62.9062
361.903  252.359  406.29  238.944
435.422  148.005  457.407  132.386
573.433  119.801  559.039  108.284
442.555  159.046  464.628  142.086
378.692  279.702  431.615  265.519
414.582  223.732  450.246  207.22
415.371  258.442  464.286  242.365
219.047  340.09  284.626  334.663
607.945  56.3173  593.02  43.0078
452.026  137.593  474.061  119.441
534.321  367.897  572.99  351.522
432.971  183.082  455.683  168.744
210.29  134.834  265.275  113.407
366.412  128.153  411.777  106.55
273.771  74.0399  310.766  51.2395
169.052  372.123  243.015  369.187
323.25  374.588  413.84  362.853
611.273  71.5683  596.758  58.15
433.57  134.691  456.32  118.362
223.976  346.473  289.755  341.312
496.691  264.535  546.576  245.22
291.199  345.26  381.504  332.485
605.821  65.1279  591.09  51.944
384.112  340.426  452.577  325.739
81.6378  162.996  152.893  138.111
299.123  310.672  357.714  299.226
457.994  208.813  488.47  191.131
458.253  176.467  481.009  159.399
618.488  75.725  603.599  62.1661
619.344  76.3259  604.545  62.7094
455.591  133.534  477.273  116.737
231.725  217.821  295.219  200.196
407.162  219.107  442.523  204.251
313.313  100.615  355.486  79.0988
203.625  227.359  268.182  212.625
405.152  241.619  446.291  226.66
60.4861  154.629  133.219  129.341
482.969  161.516  504.829  144.768
585.818  141.917  574.079  129.292
611.202  73.5376  596.562  60.197
236.894  130.957  286.626  110.669
417.276  139.136  446.183  121.769
361.623  264.936  408.077  251.838
43.0609  354.358  95.7282  359.44
352.961  309.063  414.452  296.319
230.827  136.529  279.165  115.722
259.848  203.236  317.387  186.699
477.323  153.443  499.848  134.859
57.5743  99.5577  134.224  63.4457
489.543  251.875  539.122  230.812
189.647  157.019  240.98  137.775
555.205  187.062  583.433  166.839
555.124  205.202  582.493  185.718
43.3227  202.527  110.015  184.892
47.2856  163.15  118.2  139.769
281.041  70.0388  317.245  47.0785
37.6127  110.72  113.216  76.4351
427.704  135.171  455.875  117.511
292.278  401.297  388.778  392.886
70.4899  160.717  143.961  134.563
580.505  94.7731  564.79  83.2249
470.152  183.965  494.258  167.957
56.0901  99.6452  132.816  63.4833
558.841  121.216  542.331  110.976
526.092  180.148  545.438  162.969
282.212  75.8517  322.128  53.6057
379.945  263.127  427.968  248.936
443.628  156.744  465.178  139.735
452.636  227.263  489.895  209.02
483.248  256.1  530.894  235.822
533.656  194.037  560.062  173.708
441.215  97.5801  458.547  81.1049
445.407  136.357  467.875  119.844
252.592  383.504  346.762  377.232
273.469  82.0011  310.676  59.7399
372.401  266.771  419.914  253.179
558.978  120.812  542.696  110.516
490.361  374.526  525.451  360.931
294.514  66.4154  332.729  42.1662
466.041  118.822  489.082  100.718
277.596  74.8829  314.572  52.0446
195.765  40.9959  249.45  9.51001
605.594  65.7712  590.885  52.6605
534.788  394.355  573.123  376.905
204.082  195.39  266.915  177.926
56.308  98.8255  132.906  62.6125
583.917  64.304  566.746  52.837
471.465  183.767  495.379  166.109
277.316  429.904  374.98  426.341
601.95  141.928  588.867  128.998
444.858  133.517  467.215  116.956
619.683  66.0948  604.137  52.6796
56.6203  99.5498  133.38  63.4091
618.779  74.1264  603.823  60.6365
274.644  75.0573  310.979  52.5002
102.473  185.148  163.277  166.794
435.052  132.642  458.064  116.191
391.233  241.273  430.779  227.247
47.2254  172.069  115.787  149.229
351.616  246.519  395.206  231.751
85.107  183.993  156.424  162.048
311.004  94.2109  354.769  71.7306
478.493  150.776  500.507  132.121
459.957  185.774  476.124  172.203
38.841  205.301  105.596  187.992
311.054  347.407  401.963  335.462
334.963  124.863  375.064  103.783
487.752  269.474  535.948  249.444
360.026  243.321  403.424  229.803
277.509  429.905  375.077  426.361
406.45  212.408  441.601  197.409
471.88  183.206  495.605  167.255
287.604  46.5074  326.076  22.2612
385.97  289.796  443.859  275.151
468.504  86.335  486.237  66.681
465.492  262.393  513.841  244.669
287.538  46.2968  326.013  22.034
272.95  80.844  309.386  58.7369
379.567  263.014  427.642  248.88
301.027  340.993  391.037  327.333
440.01  112.478  464.504  94.5203
298.314  106.715  340.169  86.1714
591.077  83.5695  577.552  70.91
611.339  69.6557  596.724  56.3651
573.538  117.922  559.06  106.538
598.835  89.8647  584.751  77.1065
478.516  167.237  500.063  149.278
587.919  137.155  575.786  124.622
446.872  92.231  464.482  75.323
619.951  65.1768  604.907  51.6292
224.993  149.236  275.46  128.91
269.21  409.9  357.053  403.928
191.005  132.434  246.609  109.013
424.575  124.144  444.205  106.907
579.012  83.8974  561.03  71.2998
245.334  391.242  336.738  386.352
385.267  198.028  420.373  181.356
234.111  142.941  285.143  123.5
519.544  268.689  568.813  247.045
590.973  91.4914  577.46  78.9203
468.025  267.856  516.968  248.431
194.82  252.796  261.407  240.451
462.364  212.736  498.791  195.373
411.824  145.819  435.906  130.459
211.91  82.5761  267.762  53.3522
265.206  348.57  355.428  337.122
320.886  128.273  361.921  107.414
290.471  352.096  384.457  341.181
360.602  249.675  404.251  236.471
375.079  280.834  427.776  267.054
51.0901  132.945  126.287  101.229
575.603  230.902  611.119  209.772
469.326  242.601  513.564  222.841
52.4427  133.092  127.643  101.424
599.005  93.2033  585.23  80.4118
599.519  89.0196  585.678  76.1928
441.068  115.732  461.169  97.42
584.96  50.4878  565.776  39.582
277.483  430.31  375.546  426.836
573.765  117.648  559.364  106.274
250.543  388.297  344.952  382.661
434.267  147.626  457.075  131.976
270.707  283.616  332.906  270.595
82.2367  149.802  155.932  123.794
68.3191  375.588  131.845  380.411
66.9469  133.794  142.694  104.241
173.229  161.172  224.166  142.557
214.857  134.047  268.844  113.021
547.863  383.825  583.385  367.471
312.958  361.781  405.839  349.03
554.814  205.017  582.352  185.66
204.613  157.204  258.151  136.878
561.085  117.007  542.394  107.414
37.9486  205.681  104.646  188.341
375.266  252.001  419.465  238.3
65.5807  151.416  138.217  125.924
232.933  211.604  294.259  193.721
378.176  293.262  436.34  279.204
366.258  127.844  412.006  106.322
477.255  196.165  503.238  180.031
438.171  168.874  460.909  154.021
562.709  132.399  548.035  119.743
448.691  154.291  471.618  138.44
538.274  382.364  575.721  366.37
458.435  167.103  481.102  151.463
555.017  118.054  539.351  107.907
580.505  94.7731  565.404  83.2299
564.789  193.237  588.92  173.918
224.928  383.808  309.738  377.983
248.889  376.226  340.517  367.91
199.411  168.094  252.043  149.183
568.624  235.074  602.074  214.845
441.559  178.468  462.809  164.245
251.727  388.753  343.829  383.37
573.646  109.974  556.551  97.3801
61.6929  180.187  128.382  159.12
56.5015  192.956  123.724  175.607
444.288  134.829  466.695  118.505
568.144  92.9202  550.689  82.6108
249.176  114.225  296.065  93.451
234.611  376.307  320.652  369.187
449.769  225.842  488.709  209.117
485.934  253.667  535.982  232.521
269.932  407.204  366.866  402.246
479.643  249.553  525.378  229.28
336.061  289.63  391.522  277.599
377.802  262.681  426.251  248.685
447.432  379.311  484.042  368.119
554.814  205.017  582.493  185.718
527.83  360.597  567.566  344.581
427.141  133.85  450.208  117.886
204.809  133.112  260.774  111.504
400.096  251.741  445.229  236.954
273.996  145.965  315.134  127.294
210.882  253.278  276.157  240.977
457.916  177.522  481.212  160.084
471.977  166.699  493.123  148.889
379.85  323.302  448.12  309.568
527.926  359.651  567.699  343.624
429.385  248.345  473.321  230.373
51.7467  158.752  124.715  134.221
223.429  384.712  309.665  378.847
559.965  124.025  543.893  113.886
461.509  266.086  508.246  247.076
618.591  67.4289  602.478  54.4784
314.358  391.478  405.721  381.205
492.755  174.558  512.25  158.765
576.652  80.8588  559.025  70.2182
268.649  194.965  327.558  177.406
488.908  186.126  510.771  168.119
474.04  142.08  496.707  122.845
573.208  378.569  607.842  361.014
559.944  122.73  543.659  112.663
270.204  358.298  364.433  346.918
442.226  214.792  477.952  198.636
580.15  142.19  568.473  130.109
404.587  227.72  442.384  213.14
467.408  259.294  511.41  240.21
558.363  121.657  542.144  111.643
560.249  122.753  543.962  112.687
430.481  267.24  479.9  251.235
598.773  92.8247  585.669  80.0301
295.616  291.264  354.796  278.223
419.488  318.968  484.962  303.633
546.063  379.585  582.893  363.319
443.971  176.791  466.755  159.911
372.5  250.523  415.899  237.167
480.657  260.206  526.561  240.223
366.258  127.844  411.777  106.55
215.068  160.774  267.949  140.672
206.324  330.005  264.299  325.778
563.706  192.726  588.241  173.496
201.845  232.544  266.251  216.491
415.77  142.911  451.447  124.195
218.492  223.983  282.278  206.826
228.679  146.918  282.632  127.235
583.487  69.5975  567.631  58.1085
498.087  181.475  520.26  165.114
385.804  284.02  441.081  269.773
53.125  110.732  128.399  74.9806
273.508  74.5387  309.894  51.609
55.7565  112.695  132.221  79.2862
361.683  144.711  409.029  121.866
611.674  101.913  598.291  86.4385
211.26  83.7021  267.18  54.3035
397.896  219.236  432.218  205.361
616.894  147.643  601.933  134.853
41.9832  205.855  108.681  188.316
324.62  112.353  365.641  92.3489
75.6235  178.174  145.515  157.97
534.365  200.742  561.251  180.124
451.391  163.827  474.455  148.414
527.95  358.442  567.675  342.511
576.561  73.5838  558.673  63.0781
90.1361  179.145  159.114  159.399
179.842  160.844  231.035  141.766
539.475  319.898  585.758  301.651
576.412  93.3526  560.596  82.3831
272.691  199.589  330.5  180.35
200.531  232.854  266.251  216.491
492.159  173.396  512.958  157.382
376.906  250.561  420.795  237.008
412.062  259.561  459.759  244.339
294.697  287.908  353.855  274.572
227.298  382.737  312.435  376.463
472.256  163.525  495.147  147.405
454.291  140.182  476.919  123.869
551.894  380.783  587.074  364.452
439.446  113.9  459.374  97.7736
203.755  105.316  259.417  80.9671
466.678  146.252  488.765  127.466
446.507  379.438  482.736  368.5
269.04  146.713  311.28  127.687
240.672  242.073  304.263  225.991
213.603  318.153  278.044  309.412
220.903  386.034  309.377  380.066
527.298  360.265  567.198  344.431
406.999  218.575  441.81  204.277
563.107  130.063  547.578  117.362
431.213  257.078  479.722  240.844
398.734  255.837  443.934  241.477
61.4061  146.472  136.056  119.636
552.927  381.19  588.091  364.847
279.96  71.3669  316.479  47.9447
452.301  206.149  484.717  187.669
434.863  115.985  454.319  100.278
47.5563  131.433  122.937  101.583
553.895  189.495  581.977  169.893
402.094  289.968  459.329  275.149
444.35  132.337  465.597  116.487
428.637  326.58  498.263  310.864
365.143  127.886  411.749  106.417
543.485  205.069  571.297  186.434
335.541  179.688  390.645  157.83
236.593  409.375  324.877  404.694
391.072  281.96  442.249  265.682
279.952  124.949  314.108  106.609
555.213  121.261  539.715  111.379
451.447  141.203  473.148  125.377
394.086  290.404  451.454  275.965
278.121  124.891  313.221  106.242
288.434  106.364  332.71  85.5505
229.283  387.203  315.195  381.062
369.807  224.975  417.871  206.874
471.695  182.806  495.605  167.255
255.204  216.236  314.879  198.29
299.359  278.685  356.873  264.7
411.082  201.879  440.974  185.281
359.895  270.504  402.336  259.049
336.377  275.751  385.949  261.596
571.485  105.84  555.154  92.7703
346.018  127.323  389.569  104.579
551.727  380.663  587.074  364.452
205.287  121.509  260.304  96.5258
273.251  62.9623  310.025  38.6802
351.286  307.409  412.526  295.222
441.627  110.68  464.901  93.4494
69.4323  175.786  137.284  153.339
431.889  120.429  453.571  104.447
233.285  210.476  293.899  195.007
432.842  317.706  497.405  299.402
332.208  296.152  390.397  284.562
452.168  145.192  474.598  126.612
214.392  160.405  266.871  140.158
573.941  134.661  558.709  121.272
386.984  283.187  441.822  269.147
432.159  158.739  452.726  141.907
482.197  348.055  512.066  335.454
90.2146  170.233  161.001  148.82
447.458  215.293  483.443  199.206
603.519  72.5908  589.799  59.8984
441.8  377.148  478.007  366.583
572.298  190.114  595.922  170.924
427.549  153.694  448.592  136.676
235.711  117.156  283.147  97.0248
441.371  383.461  477.646  373.057
581.124  126.343  566.865  115.148
317.552  389.982  407.894  381.918
587.59  67.1876  571.013  55.9928
413.118  236.501  455.688  221.318
213.381  169.175  265.344  149.921
453.788  156.292  476.275  138.046
221.701  232.013  285.122  215.361
77.1884  384.439  140.749  390.154
223.873  156.127  274.044  136.009
343.331  218.098  387.903  204.034
505.686  251.418  555.293  231.863
363.613  322.614  433.828  309.659
240.697  330.888  305.297  324.628
44.4466  179.821  111.029  158.231
443.033  159.618  464.628  142.086
369.44  241.595  412.772  228.233
587.018  94.2413  574.66  82.0975
476.328  253.891  522.88  233.364
270.178  88.9807  308.004  66.452
256.499  363.698  349.422  353.234
362.035  243.825  405.484  230.85
247.053  350.633  335.795  339.801
296.063  339.111  384.046  325.166
448.206  217.945  486.122  201.604
378.059  251.166  420.766  238.121
279.919  322.91  350.03  310.718
385.804  284.02  440.506  270.202
435.812  173.469  457.713  159.608
213.948  318.622  278.342  309.641
215.046  228.465  278.125  211.651
200.801  356.798  266.704  354.195
250.637  355.319  346.337  343.943
427.549  153.694  448.478  136.602
230.531  142.405  283.558  122.931
255.741  202.557  315.562  186.177
553.707  380.797  588.142  364.73
128.366  174.907  181.85  156.854
547.858  383.718  583.001  367.944
86.3143  375.038  149.301  379.602
201.118  104.12  257.323  79.7675
601.635  136.932  588.384  124.74
300.428  74.8394  338.702  50.462
339.24  123.838  377.59  102.46
440.736  384.507  476.904  374.301
47.8747  166.613  118.59  144.624
48.3493  163.721  117.072  142.039
428.189  170.844  451.229  156.929
236.205  334.51  301.1  328.789
498.443  175.23  519.115  159.429
490.559  177.856  512.25  162.206
419.94  251.197  464.648  236.19
178.976  344.791  241.69  339.577
443.624  113.667  467.017  96.713
160.27  152.923  211.754  135.99
43.0609  354.358  95.7374  360.223
205.952  134.612  259.095  111.439
222.751  156.59  274.044  136.009
214.531  317.326  278.781  308.149
442.116  377.878  478.213  367.51
85.6261  383.035  148.882  388.417
480.128  152.985  503.692  136.416
359.559  286.883  413.039  271.462
490.124  351.205  518.343  338.661
222.263  400.388  308.07  395.488
56.7393  165.158  130.626  141.926
276.043  133.217  310.629  115.078
386.276  267.939  430.818  255.2
102.49  365.802  164.274  369.032
404.672  325.43  466.787  312.115
220.979  332.609  287.095  327.314
483.95  258.67  534.15  240.46
81.2115  384.853  144.704  390.659
241.022  331.581  305.438  325.608
221.213  134.352  275.486  113.957
200.087  249.046  264.812  234.037
580.915  68.8345  566.656  57.4933
225.54  391.812  309.175  389.384
295.167  287.673  354.261  273.821
268.086  69.9989  305.03  45.9439
73.3976  176.022  140.722  153.437
280.38  55.4809  315.889  30.6066
475.02  260.683  521.875  240.195
281.665  43.076  319.958  19.5501
306.383  131.746  345.488  111.252
569.784  107.68  554.344  97.5319
464.134  85.1593  481.686  64.7541
259.413  360.32  355.214  348.808
578.307  84.4046  560.769  70.8329
587.622  82.5284  572.894  71.2549
370.11  230.043  414.843  216.02
257.985  136.816  306.444  118.183
272.186  211.738  329.81  193.017
213.948  318.622  278.044  309.412
489.985  176.692  511.339  161.319
214.072  317.905  278.166  308.626
296.702  286.621  356.258  272.469
69.5555  378.167  133.731  383.946
442.275  378.274  478.227  368.115
362.127  322.207  428.621  310.157
225.982  385.236  312.604  378.54
365.701  294.911  415.931  280.017
582.211  75.7906  565.525  65.3444
289.989  417.95  383.084  413.851
232.294  333.683  297.921  328.229
303.585  343.903  392.833  329.549
360.951  312.347  423.031  300.401
315.938  405.675  409.136  395.599
431.933  127.563  453.51  108.683
511.316  257.881  559.542  239.026
437.387  113.692  455.415  98.8654
528.315  405.696  561.856  388.068
363.095  242.779  406.917  230.021
556.994  392.771  593.056  373.278
213.928  317.819  278.455  308.392
290.409  242.337  344.39  229.961
219.388  236.027  283.133  219.285
252.472  397.575  342.363  390.319
195.208  177.395  238.704  161.387
214.726  317.714  279.067  308.255
74.4352  374  137.385  379.379
295.446  289.798  354.431  275.913
489.501  200.706  518.014  184.581
100.855  175.284  169.484  151.947
365.143  127.886  411.928  107.01
253.34  415.959  343.173  413.945
256.754  212.987  317.022  197.796
371.037  328.219  438.559  312.379
405.462  207.249  438.23  189.835
364.999  216.673  410.878  201.966
480.028  362.521  510.996  346.933
461.228  157.345  484.839  138.046
273.327  431.552  374.075  425.513
86.5035  369.603  148.97  374.144
492.755  174.558  513.544  159.335
219.43  244.398  289.119  230.903
156.739  144.24  208.592  126.676
295.919  292.042  354.796  278.223
44.1312  234.577  109.784  224.543
535.878  347.188  575.426  331.423
340.321  135.806  382.347  113.618
37.6498  204.046  104.08  185.497
384.195  283.907  433.918  267.56
321.821  305.33  384.355  290.755
297.413  290.336  357.819  276.052
493.316  177.065  514.664  161.807
377.279  280.579  428.911  264
325.457  138.34  366.486  121.087
415.68  235.569  454.399  221.65
365.901  219.218  411.886  204.708
527.926  359.651  567.566  344.581
267.492  206.804  321.254  188.533
368.912  264.317  419.007  251.455
374.269  203.821  415.904  189.181
78.7099  376.342  140.864  381.982
405.661  275.443  459.349  261.071
443.158  104.109  465.232  83.4299
108.921  178.147  177.595  159.217
355.487  241.345  398.957  229.073
465.15  264.214  514.919  247.525
371.136  285.873  425.99  273.332
41.8984  157.663  114.076  134.211
468.556  221.558  505.782  205.345
358.55  241.625  402.715  229.144
202.582  96.6923  258.746  72.1201
299.782  342.245  387.905  327.758
448.06  258.417  492.26  239.029
215.068  160.774  267.136  139.904
72.7552  372.513  135.868  378.073
529.493  368.16  568.873  353.339
227.486  398.044  310.013  396.595
427.765  152.691  451.572  134.086
426.403  267.446  474.016  253
372.206  267.594  422.297  254.914
305.173  382.156  401.946  374.273
509.752  359.185  545.762  345.568
46.934  161.992  118.2  139.769
456.453  266.043  501.278  246.423
204.003  232.308  269.166  219.381
597.358  73.4138  584.237  61.6705
291.016  408.742  387.38  399.638
216.635  234.689  279.952  217.612
114.209  185.774  176.64  165.432
295.242  289.152  354.157  274.863
222.614  397.686  307.807  391.93
464.434  85.6064  481.686  64.7541
193.416  183.532  248.398  164.21
583.463  68.7029  567.256  58.4771
295.345  289.166  354.447  274.826
376.51  184.943  418.6  169.277
308.284  345.667  399.427  335.08
493.379  175.726  515.413  160.558
237.893  329.316  303.017  323.835
344.899  293.491  401.822  282.356
235.001  114.481  282.569  95.0039
336.74  277.579  387.336  262.349
392.48  245.961  437.089  232.565
345.353  137.064  386.413  114.784
362.303  238.519  407.211  221.138
366.051  326.969  435.381  315.218
295.661  287.01  354.533  272.468
455.616  143.638  479.866  128.149
564.238  110.561  546.504  97.1698
210.528  89.6836  266.671  64.5963
347.027  154.54  393.404  131.825
371.345  328.992  439.128  312.677
597.358  73.4138  582.932  62.2188
613.345  70.6892  598.157  59.0494
410.506  215.19  446.148  201.591
73.7416  372.983  136.844  378.8
501.647  362.629  536.527  349.805
213.867  228.833  276.189  211.331
402.568  252.442  445.758  234.514
461.259  80.6378  479.51  64.1743
182.631  159.318  232.482  139.198
296.23  286.624  355.236  271.927
386.081  309.186  450.755  291.362
431.889  137.88  451.933  119.267
271.445  213.829  328.187  194.819
232.313  220.596  294.696  201.786
241.006  402.791  327.015  401.112
476.015  262.243  522.802  241.036
90.5764  381.985  146.638  388.597
418.838  224.983  464.15  209.51
307.932  346.123  399.742  335.729
476.477  283.261  531.235  266.595
382.803  234.563  421.536  222.401
533.597  271.764  578.41  253.769
456.099  200.07  483.173  181.113
199.742  246.239  263.328  230.349
215.383  226.861  280.563  213.448
180.385  339.825  244.589  332.95
251.656  214.534  314.141  199.733
597.358  73.4138  584.237  61.6705
