1354
126.968  280.729  89.9922  351.213
329.313  188.709  328.734  228.254
569.068  388.477  601.503  425.122
277.644  228.997  283.042  286.312
539.01  134.734  531.971  149.581
577.815  74.7352  567.116  85.2824
557.049  141.832  551.74  156.383
310.136  60.2531  297.779  83.1434
518.548  183.377  528.911  206.792
119.47  295.367  81.1808  368.595
112.738  263.092  71.635  333.339
137.86  280.249  104.012  349.983
408.015  197.307  416.047  231.294
565.726  149.312  561.769  163.96
504.914  218.1  523.888  247.844
370.938  214.017  382.798  256.234
190.019  81.7147  164.146  117.091
563.02  164.863  559.688  180.255
409.158  203.264  416.695  237.359
380.921  190.507  384.364  225.15
157.239  98.38  119.198  136.498
528.328  137.482  521.751  153.135
448.432  199.998  458.962  230.773
478.065  190.258  487.746  217.224
188.175  157.649  159.526  203.168
494.551  135.132  486.256  152.163
377.161  210.921  388.832  251.815
429.419  355.175  447.089  401.362
497.995  119.625  489.735  135.86
507.156  122.174  499.53  138.132
161.872  177.51  126.139  226.739
565.432  158.691  561.704  173.69
382.457  48.4145  371.992  65.7375
448.626  154.547  446.427  177.66
505.517  140.176  499.552  157.439
526.18  139.422  519.874  155.348
253.294  230.204  262.292  296.447
260.348  191.801  263.045  246.264
571.62  153.147  567.736  167.576
510.215  129.677  503.79  146.124
211.018  101.572  182.982  135.665
398.144  220.035  412.9  260.327
508.437  190.58  521.485  216.175
331.759  117.589  327.103  147.654
571.075  149.618  567.134  163.966
509.951  128.099  503.714  144.486
524.889  146.64  518.428  162.851
227.46  75.875  207.651  107.135
560.595  377.891  590.327  413.666
579.712  130.999  576.059  144.549
337.558  120.584  333.609  150.615
127.388  91.7401  78.2693  128.725
509.912  127.445  503.759  143.903
159.315  127.817  122.111  170.4
166.719  181.072  133.702  231.567
122.687  281.826  85.0385  353.436
470.883  168.101  470.92  190.967
301.084  37.3565  288.01  57.658
381.461  46.6651  370.234  63.6672
577.069  377.63  607.869  412.002
162.342  182.465  131.889  236.774
390.275  63.13  384.364  82.2706
330.959  189.924  331.439  229.943
571.088  154.825  567.8  169.466
240.358  245.819  241.582  311.877
443.694  162.669  440.272  186.143
552.735  113.846  546.033  127.365
362.211  75.2508  356.565  97.6574
383.807  63.4644  377.127  82.8616
182.612  162.211  150.584  207.121
160.46  167.613  125.637  216.768
364.01  199.76  367.627  237.406
551.656  122.713  545.373  136.774
329.819  127.554  324.974  158.766
559.638  158.412  557.235  174.146
407.264  207.371  417.736  243.429
521.539  145.635  515.488  162.029
537.908  103.116  529.092  116.479
507.634  141.773  501.483  158.955
450.244  156.428  447.874  179.502
384.186  26.9301  372.834  41.944
318.788  122.111  313.843  153.941
495.312  203.663  509.483  231.484
494.016  198.898  507.721  226.377
577.045  152.058  573.464  166.212
529.793  135.401  521.674  150.549
365.618  185.825  366.595  220.919
449.277  201.611  461.21  232.937
565.37  158.622  561.704  173.69
207.978  67.5764  185.855  99.3252
115.802  258.258  72.242  322.966
491.377  150.508  483.972  168.546
283.852  224.981  289.986  280.805
126.127  277.78  88.8938  348.215
524.581  130.404  516.378  145.655
518.727  183.177  529.283  206.707
491.419  317.521  501.301  348.564
405.561  220.464  423.377  261.242
113.351  276.452  72.6498  348.077
114.63  285.567  75.2057  358.827
390.601  62.7764  383.783  81.7979
496.985  126.107  489.732  142.999
455.648  126.838  453.036  147.692
550.794  147.087  545.888  162.156
498.322  118.833  490.124  135.094
521.34  145.741  515.376  162.318
390.365  61.3467  384.033  80.3493
520.645  190.497  533.511  215.068
447.456  189.695  454.873  218.534
476.453  305.326  483.414  336.334
164.224  172.592  130.368  222.262
573.133  159.189  569.513  173.871
523.415  140.613  516.848  156.73
499.357  124.641  492.124  141.172
566.383  159.403  561.574  174.132
116.033  280.654  76.3821  352.478
201.555  66.9545  178.139  98.8426
545.878  89.9153  539.252  102.842
310.763  121.752  304.564  153.975
430.362  352.984  447.308  398.277
509.991  191.602  522.839  216.917
517.66  144.852  511.884  161.488
371.042  189.7  373.623  225.004
155.753  106.558  117.659  146.125
417.269  91.5196  418.806  113.27
552.037  90.0936  544.468  102.58
400.762  197.307  408.027  231.928
517.319  144.846  511.151  161.596
448.626  154.547  446.079  177.627
546.12  107.345  539.365  121.092
470.936  185.801  478.62  212.486
520.327  183.676  531.062  206.984
253.318  216.426  249.855  271.531
299.752  58.2561  287.268  81.5806
555.883  150.312  550.779  165.107
507.922  121.909  500.727  138.05
568.271  302.328  595.802  333.695
471.309  168.043  471.707  191.067
463.888  165.65  464.178  188.877
497.534  208.961  514.346  238.109
161.78  177.326  126.353  226.657
482.415  186.327  490.684  212.25
411.323  196.3  419.573  229.802
254.404  206.462  251.065  260.154
428.961  197.187  437.221  228.771
479.28  189.167  487.286  215.193
310.219  61.4978  298.169  84.7333
425.363  222.851  442.704  261.18
525.729  129.001  518.392  144.413
574.996  158.656  572.772  173.405
456.313  172.667  458.38  197.549
578.959  129.211  574.382  142.371
478.352  190.165  487.091  216.854
162.968  121.157  125.744  161.763
551.552  122.28  545.616  136.482
565.624  147.096  561.565  161.542
191.723  70.8982  164.901  103.575
413.706  197.473  421.541  230.862
428.326  90.812  427.406  111.132
562.701  114.907  557.266  128.458
209.201  69.5906  185.423  100.695
503.5  127.126  496.688  143.856
601.399  344.599  620.534  369.63
555.215  141.882  549.829  156.645
296.215  81.3293  279.158  106.534
508.751  128.699  502.274  145.284
310.957  63.4993  298.71  86.6274
280.516  223.605  286.635  279.923
112.153  279.278  68.9833  347.514
503.96  211.022  522.419  240.36
573.638  289.279  597.975  317.867
486.497  353.354  506.392  392.027
544.126  137.389  536.983  151.878
574.027  150.754  570.052  164.859
389.927  63.2964  383.233  82.2206
280.753  223.542  286.877  279.798
129.556  98.09  81.7273  136.151
476.058  164.419  477.541  186.991
542.769  128.846  535.93  143.502
122.214  281.596  84.7347  353.997
550.666  101.578  543.802  114.642
500.928  209.356  517.195  238.026
493.797  208.633  510.552  237.826
545.068  94.7761  537.224  107.635
435.654  197.073  445.07  228.387
332.753  133.58  328.364  165.184
207.491  99.1427  180.752  133.881
540.55  142.278  533.729  157.181
550.584  159.144  546.089  174.908
576.07  120.919  571.372  133.925
486.448  177.238  492.93  201.395
538.588  118.557  530.976  132.608
576.899  384.873  609.078  420.469
218.106  67.0056  196.373  97.523
560.307  158.84  557.235  174.146
567.287  366.786  596.058  401.097
537.786  101.873  529.707  115.564
581.374  153.646  576.464  167.169
540.581  141.37  534.091  156.328
125.033  92.5306  74.385  129.322
510.08  127.605  504.172  143.931
195.982  66.6409  169.845  98.4957
495.528  145.167  488.922  162.882
324.972  63.4134  311.937  85.2207
126.255  98.0686  76.5414  136.007
500.444  117.511  491.632  133.525
280.072  207.745  285.467  261.618
440.411  194.08  449.639  224.926
333.248  203.499  337.486  246.639
562.623  77.442  551.698  88.4155
402.128  61.3254  396.544  79.8808
137.615  274.824  103.176  343.186
575.405  144.876  571.235  158.683
562.15  164.467  559.381  179.889
266.402  54.0141  246.036  77.8241
413.058  198.653  421.559  232.544
479.215  189.594  488.408  216.044
126.333  279.727  89.7221  350.683
551.36  156.224  546.854  171.537
246.809  256.284  247.964  321.457
409.416  197.627  416.557  231.264
491.377  150.508  484.55  168.618
574.472  98.6645  568.849  110.826
272.439  222.443  277.036  279.383
500.553  148.162  493.446  165.504
303.831  58.8066  290.762  81.6585
160.972  172.892  126.321  222.974
486.724  199.94  501.351  228.396
479.133  302.89  486.539  333.864
573.918  154.419  570.631  169.127
165.874  173.361  132.176  222.91
582.008  70.3376  577.367  81.7232
375.149  227.59  391.879  272.851
549.236  154.542  545.852  170.606
139.361  286.596  105.515  356.404
493.259  207.888  510.225  237.514
528.601  136.443  521.586  151.729
562.15  164.467  559.514  180.285
570.11  390.02  602.227  426.602
390.82  61.8531  384.498  80.6119
526.983  140.026  520.394  155.633
547.122  89.9225  539.252  102.842
537.677  107.536  529.531  121.083
492.098  150.408  484.55  168.618
210.67  69.0364  188.607  100.819
569.129  115.039  564.09  128.062
382.309  46.209  370.617  63.277
532.579  137.046  525.903  152.606
516.43  137.315  509.97  153.856
604.455  354.788  624.097  379.551
572.952  141.378  569.031  155.251
499.023  120.079  490.463  136.378
541.916  128.388  535.845  143.323
548.845  155.453  545.217  171.111
160.421  166.893  125.965  216.089
531.49  136.42  524.815  152.029
217.232  60.9523  195.936  90.7511
276.951  124.285  266.738  159.437
265.071  197.21  268.747  251.799
425.993  111.405  425.048  133.474
165.04  287.509  135.978  352.869
461.819  170.409  463.199  194.788
534.268  130.022  526.635  145.031
265.254  195.857  268.444  250.39
189.964  70.5819  163.58  103.557
328.388  192.171  327.683  232.359
570.048  139.246  565.626  153.062
539.451  137.286  532.25  151.929
598.85  69.1646  590.556  79.0014
501.012  139.641  495.013  157.344
544.126  137.389  537.89  152.472
575.295  97.8947  569.768  109.971
558.481  130.823  553.839  144.922
552.889  156.881  549.013  172.7
578.443  129.669  574.116  142.827
118.201  256.996  75.0807  320.873
312.391  60.9357  299.755  83.444
388.03  61.4854  378.698  80.1591
391.345  191.966  396.156  225.833
576.818  386.488  609.096  422.281
560.786  140.275  555.96  154.937
561.938  140.051  557.36  154.257
506.549  143.603  500.465  161.108
140.275  282.793  105.884  351.249
494.531  203.353  509.321  231.299
294.613  219.829  302.238  273.481
382.629  63.3761  375.323  82.9844
400.444  68.6192  395.558  88.1676
221.714  83.0738  201.943  116.584
413.856  89.5612  414.903  111.575
560.531  112.459  555.612  125.783
162.06  167.354  127.068  215.663
195.009  184.551  171.996  235.607
444.633  190.478  451.801  219.881
115.533  255.483  71.3884  319.816
389.736  59.8377  383.368  78.8747
546.256  107.711  539.365  121.092
531.374  127.715  523.867  142.86
558.825  70.8834  548.868  81.8519
539.32  107.503  531.249  120.936
502.565  160.554  499.685  179.475
468.244  160.964  465.545  182.942
570.691  146.664  566.705  161.224
435.733  197.217  445.07  228.387
209.201  69.5906  186.569  101.521
565.061  380.259  595.174  415.528
440.411  194.08  450.287  225.291
278.997  206.663  284.813  260.785
540.11  141.324  534.091  156.328
581.419  89.4205  576.087  100.968
457.814  129.002  455.285  149.521
309.288  122.955  302.718  155.723
162.727  178.173  129.771  229.266
496.345  139.407  488.526  156.911
575.665  384.072  607.794  419.893
193.51  177.482  170.134  228.371
490.227  161.151  488.179  181.208
296.2  40.7071  282.272  61.9402
196.754  187.988  173.693  239.577
159.809  173.125  124.762  223.345
502.596  125.929  496.667  143.028
375.724  227.592  392.153  273.092
534.205  137.505  527.483  153.05
549.178  325.193  567.922  354.525
539.186  148.961  532.296  164.531
187.328  60.6086  161.379  92.81
333.943  197.195  334.14  236.961
371.496  34.6602  359.397  50.598
528.34  138.178  521.726  154.103
561.564  156.873  557.948  171.78
549.525  155.173  544.925  170.437
367.865  216.311  379.059  259.149
514.527  124.473  509.255  141.009
552.035  113.589  545.341  126.914
528.068  153.104  520.979  169.386
562.017  156.224  558.595  171.689
163.91  181.874  131.762  233.736
413.468  81.0893  411.606  101.701
440.616  187.06  447.514  216.574
472.345  163.578  473.535  186.731
363.291  196.003  367.748  233.59
545.371  95.2173  538.197  108.076
458.84  178.615  464.673  205.446
521.179  183.245  532.038  206.32
158.946  142.137  123.301  188.194
419.813  135.902  420.395  160.747
159.609  132.147  122.592  175.683
513.763  122.703  507.724  138.448
540.156  109.961  534.261  124.462
561.632  113.929  556.875  127.225
375.99  217.916  389.736  260.4
158.65  133.073  121.41  176.822
511.037  190.052  524.117  215.07
157.742  107.078  119.724  146.789
404.622  204.607  413.551  239.666
519.31  183.004  530.185  206.205
575.441  158.98  572.772  173.405
369.069  215.51  379.313  257.625
112.472  274.752  71.5041  346.717
497.164  152.647  489.956  170.827
384.199  63.595  377.834  83.4037
581.374  153.646  577.767  167.364
564.94  100.145  558.898  112.543
392.478  340.689  427.019  404.59
296.509  205.463  304.522  257.079
182.404  77.5002  152.487  111.954
253.834  214.648  252.387  271.347
586.167  140.602  581.312  153.445
528.762  153.357  521.721  169.661
435.523  191.253  442.191  221.511
467.214  169.145  465.629  191.42
522.789  145.284  516.556  161.918
451.253  151.768  449.29  174.89
279.159  221.936  285.013  277.96
206.077  74.1554  181.405  106.589
578.631  130.146  574.005  143.139
127.976  250.713  86.9406  312.492
176.273  92.8051  139.013  126.527
331.554  186.326  330.737  224.834
150.137  49.4957  102.495  76.1255
496.398  139.425  488.49  156.967
540.764  140.451  533.861  155.085
530.207  152.72  523.406  169.004
511.268  192.857  527.196  219.008
582.18  345.326  600.232  371.921
293.844  218.275  301.726  271.947
415.319  217.963  431.84  257.023
612.455  180.491  618.295  195.761
568.889  114.119  564.054  127.03
593.832  69.6111  581.941  79.6239
267.161  121.774  258.737  158.657
601.332  346.277  620.355  371.502
511.781  137.074  505.534  153.4
382.347  45.363  370.275  62.4225
478.352  190.165  487.286  217.156
435.075  196.856  444.02  227.811
546.12  107.345  539.454  120.666
558.361  117.317  552.212  130.517
506.055  154.472  500.595  172.024
547.122  89.9225  538.313  102.812
518.15  208.995  538.378  237.077
526.236  217.698  546.484  245.555
447.817  192.472  455.192  221.887
569.172  390.999  603.056  428.172
527.867  153.01  521.003  169.442
551.519  123.245  545.586  137.013
551.694  146.704  546.071  161.948
493.392  192.697  503.682  219.02
540.11  141.324  533.602  156.101
588.652  66.6678  580.862  76.6967
500.553  148.162  493.706  166.119
113.727  284.907  72.6178  356.748
279.241  206.718  284.963  260.618
547.083  107.784  540.364  121.049
570.194  378.597  600.549  414.02
259.801  206.762  261.121  262.981
548.529  363.215  575.36  398.011
535.916  99.1642  527.781  113.037
551.866  157.948  548.014  174.008
542.728  108.559  536.233  122.099
539.454  148.531  532.416  163.395
545.955  124.707  540.336  139.59
570.048  139.246  566.343  153.091
526.987  127.46  520.38  143.187
428.345  83.9047  426.536  103.194
381.949  63.8207  374.541  82.8939
495.151  318.042  504.793  349.022
127.115  276.62  90.9238  347.228
480.921  227.555  503.02  262.09
544.126  137.389  537.647  151.811
318.696  122.918  314.361  154.763
556.865  161.178  552.717  176.968
590.464  122.823  585.438  135.677
499.321  322.578  508.851  353.128
567.236  340.405  584.363  368.017
583.938  93.9623  578.507  105.42
432.371  353.246  448.413  398.158
189.035  61.6985  162.883  93.8956
505.79  315.657  516.91  346.177
205.586  67.4046  184.672  99.4378
564.343  138.129  560.027  152.064
423.539  85.5324  424.069  105.795
486.68  355.327  508.495  395.845
123.598  253.747  81.8608  317.864
578.325  129.805  574.383  142.896
500.664  160.771  496.685  179.335
384.067  25.1276  372.643  40.2723
516.878  147.087  510.617  163.416
435.326  191.541  441.997  221.922
479.61  196.897  495.066  225.932
517.554  138.247  509.97  153.856
454.722  192.465  464.154  221.253
561.754  158.663  557.969  173.433
436.559  190.709  443.028  220.827
125.323  97.8913  76.5414  136.007
387.758  181.265  389.181  213.015
576.185  117.044  571.323  129.644
531.992  130.954  524.792  146.412
479.998  195.017  488.178  221.911
461.683  176.988  465.59  202.039
556.569  117.629  551.174  131.036
580.287  130.934  575.35  143.709
115.015  286.487  74.9303  359.435
137.797  275.214  103.548  343.389
303.31  57.2187  290.575  80.57
158.843  132.648  122.454  176.054
503.96  211.022  522.959  240.006
204.027  98.2922  175.383  132.284
205.232  74.9812  180.016  107.556
197.192  98.8979  167.958  133.821
586.24  148.708  580.391  161.372
555.751  150.615  550.488  165.076
277.722  219.246  283.251  274.921
223.205  81.3379  202.574  114.208
406.599  72.2403  402.579  91.3
506.734  143.13  500.421  160.728
499.063  117.351  490.711  133.804
582.72  340.027  600.685  366.533
593.923  94.7132  586.724  105.445
524.427  140.41  518.283  156.072
498.903  117.967  490.41  134.422
368.163  214.025  378.711  256.423
211.149  77.8884  188.933  111.292
496.867  150.866  490.339  169.325
314.736  64.0125  302.068  86.5076
403.898  69.8638  398.725  88.6121
539.563  98.0029  531.12  111.663
291.453  42.4125  279.027  63.8746
435.654  197.073  444.359  227.796
585.055  128.461  580.618  141.046
367.865  216.311  379.496  259.546
392.209  61.0684  386.293  80.3615
536.725  97.6478  528.372  110.599
163.049  169.23  127.551  217.902
502.237  329.389  517.001  362.807
329.91  138.112  326.866  170.781
216.708  66.8483  195.762  98.0914
284.103  220.502  288.868  275.392
526.339  141.75  519.868  157.238
564.341  100.15  558.36  112.458
110.444  272.695  69.4177  344.181
455.86  193.045  464.154  221.253
578.083  123.413  573.786  136.197
122.214  281.596  85.0385  353.436
572.327  131.005  567.673  144.195
139.803  286.952  105.515  356.404
513.211  113.856  506.229  129.769
583.094  340.219  600.685  366.533
280.013  208.414  285.349  262.017
580.467  131.557  576.13  144.439
574.867  122.217  570.121  135.007
534.026  109.415  527.854  124.285
606.675  66.3622  598.431  75.6449
467.823  154.862  464.004  175.484
300.825  55.874  286.204  78.8308
408.955  203.361  416.311  237.88
404.949  206.173  415.483  242.875
567.612  117.281  562.691  130.213
531.462  145.18  523.424  160.945
536.05  149.805  528.759  165.654
310.892  124.564  304.827  156.778
503.5  127.126  496.401  144.106
501.364  140.435  495.503  157.506
400.826  69.6836  394.647  89.2569
506.852  142.202  500.281  159.73
210.477  69.9755  188.439  102.235
256.396  215.455  253.238  270.61
183.128  180.874  158.171  232.856
206.138  199.622  182.116  249.606
270.926  49.4632  250.229  72.4775
441.404  192.529  448.89  222.766
278.7  229.486  282.487  286.046
570.461  151.902  566.741  165.962
281.01  60.6677  263.551  85.1807
536.709  143.031  529.951  157.862
199.633  61.3065  174.265  92.3144
160.46  167.613  125.37  217.209
493.473  134.039  486.112  150.893
507.698  349.474  527.555  385.842
271.831  215.296  276.46  271.126
216.826  67.0452  195.349  98.1613
278.76  206.859  284.404  260.696
275.929  225.07  281.359  281.751
583.457  344.573  601.12  370.986
193.986  186.955  169.995  238.685
530.622  129.896  523.784  145.564
467.691  165.439  465.395  188.062
231.548  74.6869  212.14  105.907
392.735  204.267  400.629  240.108
481.807  359.872  502.856  400.887
580.74  86.5513  575.046  97.7391
578.057  138.024  573.776  151.172
256.355  217.242  250.832  270.967
387.356  18.6172  379.297  32.5206
499.124  117.96  490.41  134.422
401.653  61.4958  396.6  79.5499
562.175  148.731  557.944  162.991
447.185  191.817  455.937  220.932
499.27  121.475  489.638  136.85
499.241  152.524  492.331  170.853
544.226  94.5786  536.991  107.24
312.409  64.6503  301.059  87.6704
394.445  97.0901  396.751  120.858
581.587  344.639  599.038  371.155
314.394  204.517  318.831  251.44
164.131  291.462  134.575  357.284
531.689  137.8  524.492  153.605
313.537  75.0637  300.661  98.8391
545.998  127.702  540.837  141.923
381.284  36.8135  369.212  53.2676
494.043  199.342  507.721  226.377
447.82  194.781  457.891  224.556
437.667  186.496  444.929  215.589
370.339  215.972  380.559  258.158
302.036  231.101  309.86  285.521
518.058  150.807  511.628  168.056
204.597  74.2141  181.405  106.589
370.703  212.515  381.269  253.383
584.648  119.224  579.727  131.373
429.329  194.946  438.203  226.166
552.587  359.034  576.093  392.314
567.817  336.365  584.977  364.017
477.729  195.206  489.497  222.746
545.738  108.924  538.866  122.095
538.343  141.099  531.331  155.658
486.37  143.594  479.813  162.538
479.457  309.093  486.773  340.541
561.685  115.289  556.86  129.429
446.559  191.674  455.501  220.884
532.369  344.75  549.2  376.275
572.699  142.637  568.353  157.174
186.556  35.2777  158.922  62.3278
504.324  132.035  498.444  148.506
434.562  140.632  435.098  164.338
305.643  71.4913  290.766  96.0077
499.937  153.018  492.611  171.23
545.243  150.119  538.887  165.799
194.904  66.1543  167.943  98.1593
416.399  192.865  419.064  222.658
575.52  387.158  608.307  423.774
365.609  196.146  369.475  234.026
267.847  48.4065  248.076  71.834
140.316  282.838  106.298  352.298
283.201  193.627  289.099  244.844
216.546  63.9107  195.016  94.5767
191.699  81.6385  167.627  116.948
536.997  141.801  530.272  156.51
499.275  153.638  492.165  171.995
177.631  35.7964  146.298  62.934
446.559  191.674  455.192  221.887
428.563  112.371  428.386  134.199
577.154  393.649  609.505  429.998
298.962  233.189  306.764  288.531
560.443  143.67  555.757  157.702
468.79  162.662  467.28  185.403
370.474  216.794  381.26  259.378
534.286  119.446  526.177  133.216
497.92  218.103  517.277  248.097
158.282  106.032  120.292  145.779
378.25  39.5553  366.858  56.5895
565.333  137.937  560.897  151.611
560.307  158.84  556.807  173.61
527.592  152.714  521.721  169.661
558.79  131.429  554.11  145.175
473.548  119.213  467.518  137.998
578.798  129.937  574.303  142.697
494.531  203.353  509.774  232.306
373.121  197.877  377.765  235.314
400.654  69.5889  395.477  89.4927
137.768  237.192  97.7742  296.651
487.334  355.304  508.701  394.349
264.338  197.604  255.765  244.081
159.809  173.125  125.589  222.977
552.381  146.08  546.877  161.53
428.129  346.558  444.644  391.062
544.694  95.1044  537.224  107.635
493.362  192.236  502.635  218.399
407.01  217.75  422.07  256.193
266.891  52.3091  243.517  75.4751
157.564  60.3497  115.707  90.9845
428.045  211.24  443.312  247.833
499.598  177.402  499.043  197.634
480.295  189.329  488.408  216.044
544.898  148.527  538.051  162.916
427.907  222.958  444.067  259.648
201.458  193.493  181.171  245.624
473.351  307.467  479.425  338.973
552.681  132.834  546.739  146.591
547.311  152.173  543.503  168.573
469.782  177.006  472.412  200.692
160.327  167.165  125.437  217.071
545.436  107.697  539.102  120.879
558.681  131.418  554.077  145.153
530.512  136.954  523.808  151.818
135.786  109.358  86.03  145.655
510.17  136.408  504.952  152.817
443.822  190.038  450.677  219.756
147.644  116.029  110.967  159.329
400.859  196.191  407.999  229.897
562.175  115.288  557.376  128.282
543.966  108.48  537.875  121.802
395.583  16.1696  388.954  30.7393
455.711  176.893  457.408  201.42
328.476  132.393  324.586  164.08
147.749  147.252  104.781  191.671
569.514  115.135  564.754  127.787
371.192  74.868  359.653  95.7253
321.982  191.018  320.521  232.122
110.033  252.936  64.6618  318.609
538.78  100.429  530.442  114.43
565.366  379.749  595.279  415.828
564.343  99.8051  558.495  111.947
380.573  20.6593  369.024  35.6963
556.895  122.541  550.896  136.973
580.856  81.1149  574.443  91.8543
427.453  347.912  444.179  392.682
536.468  108.588  529.245  122.003
193.988  94.143  168.258  130.346
500.194  147.419  493.57  165.715
310.864  63.2874  298.681  85.9151
579.722  130.998  575.35  143.709
466.802  174.062  468.436  197.442
588.725  167.021  585.645  180.447
559.988  347.776  579.156  376.27
312.536  63.1466  300.326  85.6074
435.224  191.244  441.997  221.922
283.221  211.688  289.461  265.379
575.193  119.46  570.5  131.971
198.65  330.634  182.017  401.958
208.338  89.3058  181.711  123.347
578.042  118.196  573.233  130.511
513.465  150.623  506.981  168.266
407.284  220.598  424.993  260.478
536.441  146.53  529.185  162.468
314.792  63.205  302.415  85.442
561.241  150.763  557.063  164.984
351.71  203.306  356.37  242.908
519.423  209.257  539.539  236.878
578.959  129.211  574.431  141.853
143.506  300.765  111.059  372.368
128.72  88.7991  80.4402  126.261
537.416  187.16  551.683  209.962
303.999  57.5344  290.255  80.8728
569.109  115.469  564.337  128.106
297.071  123.937  289.784  157.104
541.569  129.193  535.899  143.416
538.992  93.6936  530.026  107.347
331.759  117.589  327.128  148.311
575.053  388.146  608.307  423.774
157.207  98.2715  119.299  137.209
566.165  148.578  562.304  162.546
599.072  348.798  617.515  374.337
160.972  172.892  125.589  222.977
567.094  104.278  561.565  116.468
572.327  131.005  567.716  143.98
485.783  199.624  498.489  226.891
265.54  214.121  264.341  267.036
572.695  340.883  590.24  368.479
265.869  232.113  269.635  292.284
612.909  179.217  618.428  195.353
411.31  195.144  416.05  227.845
506.211  133.583  499.714  149.689
334.405  62.0099  323.772  84.3765
105.764  259.109  63.7802  330.191
562.096  128.688  557.553  142.099
269.982  196.257  271.735  249.443
486.377  184.792  496.114  209.99
373.604  211.672  382.967  252.741
556.378  115.32  550.942  128.361
551.601  357.873  575.6  391.71
571.887  140.313  567.379  153.564
378.14  197.889  383.162  234.981
380.751  19.799  368.632  34.7408
189.527  49.0086  162.703  77.3913
174.627  24.0622  142.226  49.0249
533.731  111.26  526.989  124.943
536.946  187.431  550.94  210.145
180.837  159.573  151.309  205.66
392.166  60.2696  385.624  79.6343
580.457  140.695  576.49  153.652
567.744  128.404  563.218  141.513
163.603  286.859  134.756  353.763
367.698  64.8003  355.268  84.8278
481.764  302.501  488.799  333.535
406.778  216.334  422.07  256.193
574.868  134.731  570.328  149.077
129.891  84.4744  78.8724  119.42
521.416  183.294  533.361  206.29
181.243  161.718  150.584  207.121
589.876  118.894  584.69  130.551
539.3  124.527  531.518  138.135
595.547  157.964  588.414  169.684
577.896  139.683  573.35  152.585
198.076  188.315  176.588  239.619
187.083  80.8738  161.344  115.904
273.221  123.043  264.216  158.551
376.45  206.12  384.845  245.829
502.265  217.655  522.333  247.308
293.721  63.1871  280.975  86.9972
499.063  117.351  490.837  134.146
578.394  114.793  573.332  126.857
556.104  344.101  575.055  372.727
482.766  198.315  496.892  226.272
412.76  179.65  415.031  210.092
545.378  189.724  559.62  213.462
579.047  128.526  574.585  141.078
160.175  167.248  125.965  216.089
532.897  127.781  525.621  143.403
399.676  67.8399  394.747  87.8554
389.678  60.6414  383.187  80.2319
138.804  238.187  98.3727  297.049
405.208  29.6716  398.663  45.4039
562.432  347.829  581.632  375.962
592.812  71.4721  586.011  81.2876
335.442  186.258  335.144  223.996
147.245  278.028  112.258  343.207
379.459  19.185  368.082  34.2572
197.285  67.1758  170.256  99.2109
388.078  49.0174  379.903  65.7631
196.107  67.583  170.13  98.7092
522.789  145.284  516.06  162.216
567.91  104.993  561.945  117.001
301.618  118.405  295.386  152.214
480.72  354.206  500.027  394.375
538.325  111.169  531.782  124.614
397.689  54.5626  391.347  73.1579
415.364  220.63  433.562  259.545
374.212  200.825  378.731  236.869
170.515  61.8806  134.891  93.5573
126.017  74.2327  73.9828  106.215
567.249  98.0509  562.087  110.003
567.246  105.392  561.683  117.513
584.655  115.95  579.638  127.743
574.796  115.726  569.977  127.993
313.046  64.6035  300.903  87.0936
561.401  77.4587  551.166  87.9991
565.106  379.854  594.998  416.125
375.702  35.1794  363.598  51.9893
574.474  337.317  590.943  364.222
578.167  391.548  610.489  427.949
374.764  57.7274  362.797  76.8221
375.357  17.8874  364.159  33.0335
612.455  180.491  618.428  195.353
524.172  183.32  536.708  206.237
427.139  196.06  435.45  227.084
310.223  62.2985  298.169  84.7333
355.349  184.649  357.082  220.428
584.672  137.974  580.761  150.586
544.334  137.335  537.211  151.168
196.754  187.988  172.505  239.296
575.52  102.78  570.513  114.547
555.103  344.671  574.789  373.749
497.897  151.458  491.094  170.167
504.004  191.542  517.898  217.021
217.03  64.6507  196.686  96.0534
217.804  79.5545  195.734  111.065
188.849  80.8594  161.786  116.611
538.008  189.38  552.179  212.067
524.715  189.172  538.248  212.67
591.572  99.497  583.616  109.922
356.261  185.262  357.62  220.774
410.846  200.017  419.582  233.346
597.267  352.142  617.38  377.158
128.668  287.097  91.9403  358.946
546.854  141.277  542.774  157.507
494.349  193.006  506.412  218.711
281.61  63.9038  262.888  88.7938
461.721  189.32  469.18  216.009
505.517  140.176  500.669  158.564
536.14  187.435  550.594  210.239
377.958  195.697  381.133  231.888
302.413  69.647  290.718  93.729
158.996  144.412  123.388  191.444
583.305  94.9874  578.044  106.09
508.853  210.288  523.883  238.514
368.71  63.2906  356.458  83.2771
404.373  185.22  406.897  215.416
221.121  91.7734  189.819  122.496
267.803  200.984  271.421  256.657
496.243  308.897  508.779  341.603
440.127  157.212  437.652  180.194
139.756  281.941  104.753  350.741
284.418  218.223  290.046  271.849
533.975  129.943  526.39  145.61
128.992  90.8454  79.0882  127.762
182.697  57.7427  153.47  89.449
370.13  196.648  373.157  232.061
571.173  107.648  566.089  121.37
571.497  378.909  602.33  413.102
567.779  123.872  561.891  136.377
479.998  195.017  487.165  221.99
549.452  81.1965  538.598  92.1229
116.033  280.654  75.527  352.846
551.562  114.81  545.071  127.662
537.259  146.507  533.43  163.559
518.553  183.48  529.883  206.352
453.156  195.334  462.905  224.107
513.573  144.161  507.472  160.159
434.071  352.645  449.669  397.509
296.219  205.909  304.126  256.953
336.137  182.342  331.654  219.264
556.704  113.912  550.942  128.361
568.003  116.673  563.045  129.154
125.608  110.959  76.4872  152.151
429.667  197.124  438.192  227.949
340.08  63.6034  327.825  85.5473
106.105  161.685  64.4904  221.482
520.656  126.614  514.055  141.409
197.285  67.1758  170.182  99.3162
177.467  35.4625  146.298  62.934
291.253  42.7577  279.027  63.8746
395.224  179.47  393.185  208.249
401.713  67.1608  396.91  85.414
488.462  147.626  481.713  165.122
574.096  103.645  569.212  115.43
110.226  272.507  69.1003  343.147
392.198  60.3423  385.662  79.8959
420.519  222.565  441.493  262.161
371.1  77.7877  359.557  97.4103
262.123  222.774  263.402  281.146
414.787  219.668  432.25  258.072
563.623  173.677  560.264  188.317
400.006  189.28  401.588  221.686
188.051  33.0025  159.235  59.4788
612.78  184.607  618.473  199.333
110.967  284.849  71.0652  357.772
530.685  94.1722  522.89  106.896
299.423  40.5071  283.397  61.6908
159.334  296.735  129.272  361.94
576.903  375.732  606.964  408.69
474.601  119.255  466.947  137.892
481.412  310.315  488.703  341.984
420.076  180.602  421.014  210.001
292.587  62.6436  279.144  87.9399
507.691  129.624  502.411  145.569
402.025  215.51  418.244  254.63
517.6  122.13  511.733  137.054
375.726  34.0442  365.069  51.1154
547.562  108.852  539.948  123.21
446.381  192.399  455.334  221.266
582.487  68.8542  570.148  79.724
495.499  202.206  508.814  230.624
378.741  33.5698  366.601  50.2244
573.13  341.141  590.161  368.71
379.843  190.128  380.604  224.616
216.76  62.552  196.073  91.7331
402.595  75.0397  396.051  95.3723
406.965  195.12  416.44  228.717
446.735  199.467  456.87  231.211
164.069  287.619  134.333  353.643
364.781  186.331  366.23  220.725
577.578  139.234  572.805  151.852
567.568  128.919  563.032  141.806
405.233  70.1543  398.217  89.8119
261.293  207.398  260.148  262.377
572.749  340.636  589.879  368.313
504.575  153.911  497.439  172.341
575.826  138.075  571.089  150.752
267.74  29.0665  247.267  49.9561
475.382  306.552  481.309  338.112
478.701  308.575  485.055  340.039
197.407  56.6713  172.918  87.9495
131.739  149.106  85.0491  195.576
444.094  183.302  450.519  210.733
579.318  128.828  574.585  141.078
401.653  61.4958  396.161  80.9096
570.243  126.875  565.005  139.381
330.013  188.026  326.74  227.069
490.971  304.793  499.705  336.058
465.32  125.994  461.853  144.832
369.174  62.4797  357.405  82.6087
470.375  205.88  489.704  239.453
473.644  307.937  479.65  339.815
537.406  87.8124  530.234  100.027
165.787  70.0344  128.499  103.401
571.378  148.088  566.705  161.224
413.578  199.519  421.614  231.977
199.017  331.925  182.585  403.972
523.222  200.759  539.179  225.664
125.685  287.511  87.8475  359.529
368.753  64.8162  355.268  84.8278
434.118  354.047  449.633  399.068
419.021  198.268  428.281  232.661
365.072  196.068  368.725  234.412
557.613  117.6  553.262  130.596
469.064  139.395  467.98  161.445
406.269  189.908  409.74  220.458
365.685  61.5155  352.019  81.3842
446.633  190.733  456.675  221.927
304.717  137.769  300.967  172.724
297.649  56.1929  284.804  78.4168
273.429  61.4962  257.728  85.8021
494.877  131.653  488.175  150.002
431.321  208.757  446.129  245.014
366.629  62.4023  354.567  82.6622
532.369  344.75  550.178  377.388
478.056  304.497  485.578  336.66
381.394  213.056  394.6  253.204
453.092  173.375  456.249  198.03
299.185  49.0429  284.035  69.6222
158.676  15.9029  118.735  39.2798
160.212  166.723  125.37  217.209
535.106  108.784  527.23  123.79
165.996  320.172  142.649  392.747
487.024  317.909  494.604  349.429
383.151  211.969  392.474  252.086
156.167  58.2752  114.343  89.2809
468.867  168.253  468.7  192.252
512.191  199.225  529.23  225.328
370.461  221.193  380.949  264.577
279.072  213.392  283.978  269.313
589.908  346.152  607.768  372.687
446.381  192.399  454.894  220.94
297.544  122.555  289.784  157.104
318.165  190.636  316.764  230.479
159.346  131.533  122.454  176.054
441.762  131.372  440.301  154.872
409.429  83.6512  408.267  103.58
499.067  136.604  493.508  155.288
501.158  327.188  516.855  361.924
552.75  130.342  546.749  143.519
540.873  143.079  535.101  157.332
338.654  197.9  339.052  236.235
248.704  58.6191  231.269  86.5563
447.615  201.874  457.826  233.887
190.062  182.96  164.36  234.657
539.754  146.584  531.952  162.629
418.356  180.12  419.305  209.852
563.47  129.416  558.706  142.314
369.718  344.635  409.324  417.027
598.578  68.6728  591.119  77.7534
584.596  76.2694  578.372  86.2635
374.005  187.188  375.657  220.394
481.194  310.488  488.541  342.441
428.539  348.892  443.661  394.474
583.938  93.9623  578.845  104.753
406.599  72.2403  401.821  92.6596
185.641  69.1968  156.449  102.847
488.056  322.168  499.326  353.362
198.831  60.7966  173.806  92.6204
341.175  38.4982  330.122  55.7862
482.003  168.242  483.371  189.502
513.895  86.8435  499.35  98.4484
182.297  78.7484  152.487  111.954
467.548  178.886  471.796  202.912
288.484  130.894  279.277  164.727
271.837  50.3447  251.09  74.0547
506.45  138.861  500.752  154.929
138.662  237.847  98.6113  297.79
560.425  138.53  555.458  151.763
335.888  186.911  335.144  223.996
317.717  63.7327  306.357  85.5696
267.29  60.5084  246.035  85.8565
194.159  184.894  170.37  234.495
200.964  184.11  181.406  235.094
363.145  181.494  360.678  216.086
574.714  388.446  608.307  423.774
486.62  203.332  501.352  231.036
405.748  78.0841  403.944  99.7964
186.517  61.6134  157.521  93.883
237.279  256.362  237.181  322.016
478.096  308.198  484.249  339.831
417.446  175.84  418.702  203.14
162.977  60.8494  121.251  88.9508
568.897  120.107  563.988  132.364
478.18  305.049  484.304  336.577
508.303  353.438  523.886  388.064
540.596  127.739  534.699  143.735
174.627  24.0622  142.907  49.678
298.365  83.4109  286.392  111.575
136.939  236.842  96.935  297.503
396.917  95.2005  398.773  117.778
295.039  35.1775  279.884  56.3808
110.205  267.945  69.36  338.176
486.848  350.664  506.151  390.337
370.461  221.193  381.759  265.157
282.115  213.891  288.361  267.475
525.729  129.001  517.956  142.982
572.963  125.233  568.352  137.484
415.364  220.63  433.274  258.925
553.329  91.2697  543.544  102.233
547.744  126.586  542.366  142.336
186.718  181.514  164.478  233.824
499.289  210.666  519.98  239.907
571.078  299.255  598.518  328.755
480.671  180.99  485.823  206.758
169.565  303.162  141.367  370.432
446.498  164.429  446.736  187.876
460.861  183.849  465.055  208.628
399.656  198.025  408.027  231.928
555.628  357.543  579.288  388.577
384.337  25.9187  372.834  41.944
276.956  74.6745  258.808  99.4719
317.253  198.595  320.234  244.361
142.491  293.134  108.809  363.941
157.207  98.2715  119.391  137.907
501.595  155.292  492.986  173.801
508.981  109.855  501.177  123.936
116.191  297.724  74.962  370.426
276.38  125.102  266.028  159.27
559.271  377.141  589.305  411.868
236.581  82.0967  216.433  114.344
543.647  290.738  560.492  317.642
295.886  77.8618  282.389  105.178
150.894  282.045  117.54  348.919
502.57  153.669  493.175  171.836
265.259  77.2307  243.677  104.972
195.741  188.104  174.976  239.897
407.393  218.526  422.756  259.126
476.535  308.27  482.766  340.26
281.728  218.137  286.573  271.324
512.089  191.219  525.884  215.463
400.048  207.199  408.981  244.732
582.02  88.4589  577.002  98.9973
270.91  126.675  262.075  162.48
127.816  317.395  93.3776  395.916
238.624  84.0061  217.897  116.094
569.904  113.336  565.271  125.267
345.837  65.478  329.301  86.6322
226.61  73.4476  207.668  103.44
385.101  90.1855  379.555  113.685
575.881  103.354  570.513  114.547
127.742  90.0128  79.9247  125.937
547.297  112.081  540.782  124.59
204.781  189.549  186.444  240.952
356.866  201.661  364.548  241.182
547.84  89.145  539.466  100.417
583.634  80.2801  578.556  90.4195
234.205  80.7949  213.856  113.155
534.963  164.47  532.002  180.29
527.648  98.3778  517.887  113.221
369.838  346.076  411.373  419.794
151.267  171.05  114.279  219.794
354.035  186.525  356.819  222.547
443.997  185.088  451.636  212.719
123.622  299.515  84.9493  372.69
129.115  287.537  91.8979  359.431
538.094  142.195  530.758  155.86
538.105  145.625  530.654  162.121
592.208  341.109  610.155  367.732
427.907  222.958  443.597  258.581
180.548  181.48  155.304  232.886
292.046  176.949  286.216  219.905
400.938  200.46  412.903  235.882
335.208  179.396  335.591  216.15
517.988  204.884  535.642  230.686
333.573  76.51  320.801  100.731
172.227  157.748  139.491  202.547
285.86  215.628  289.956  270.214
481.412  310.315  488.541  342.441
509.143  189.079  522.036  212.994
364.412  60.8239  352.5  81.4828
315.68  206.733  320.674  251.853
548.241  93.6892  541.581  105.354
543.63  152.948  542.274  171.106
517.939  199.699  536.659  225.567
448.049  346.722  463.632  389.788
427.218  219.57  442.312  257.743
314.66  64.7118  302.051  86.305
449.047  343.184  464.788  386.062
536.362  95.09  528.71  107.108
482.81  169.347  479.331  188.621
408.597  212.321  425.907  253.331
582.162  81.1361  576.995  91.2346
158.312  15.4802  117.443  38.9843
529.961  101.997  521.612  114.407
474.83  311.251  480.72  343.538
567.567  118.241  562.691  130.213
188.775  80.2205  161.786  116.611
555.907  357.993  579.288  388.577
401.012  215.858  413.538  252.749
322.079  217.281  329.373  263.665
336.969  187.547  336.491  224.301
585.558  76.2532  579.473  85.8735
448.415  344.264  464.073  387.283
574.517  354.113  593.154  379.952
280.699  217.502  285.658  274.112
137.055  88.3741  89.7796  122.141
368.797  64.3793  355.268  84.8278
406.489  203.726  415.193  240.295
153.277  288.406  121.161  356.702
173.267  179.98  139.882  230.163
494.534  142.055  485.77  160.754
299.396  60.1998  285.888  85.1703
312.689  75.6663  299.631  101.568
124.995  106.798  74.8788  144.001
368.306  222.561  382.093  268.691
328.586  189.811  325.814  230.093
509.004  329.214  524.788  363.605
545.4  75.6587  532.773  88.5801
246.11  100.782  222.004  133.059
157.141  58.8174  115.039  90.1485
458.866  243.289  489.446  286.834
368.929  63.4786  356.532  84.1356
489.371  303.588  495.795  334.364
555.865  122.44  549.966  134.788
212.922  190.028  191.671  240.722
319.835  76.311  300.765  100.037
263.623  224.916  265.161  284.162
470.149  197.982  483.602  226.012
412.327  226.048  432.27  265.841
524.948  218.308  546.484  245.555
559.139  128.79  554.006  141.333
265.996  75.6584  243.346  103.091
429.044  199.97  436.04  229.658
126.56  255.467  85.2462  315.788
168.035  172.408  133.84  222.578
481.861  310.012  488.939  342.23
520.43  202.393  538.241  227.709
369.542  214.678  379.464  257.867
598.85  69.1646  591.119  77.7534
536.544  146.943  529.646  163.919
217.119  66.0163  195.762  98.0914
510.086  113.663  502.726  130.774
560.229  129.692  555.34  142.242
453.236  178.254  460.532  204.176
181.378  370.642  168.642  458.766
575.08  103.447  570.513  114.547
503.903  189.633  515.794  213.462
389.409  212.491  402.75  254.38
585.54  101.083  580.087  111.491
403.926  28.4131  397.361  44.9117
455.702  128.442  455.97  148.534
574.869  135.722  571.106  147.976
368.512  64.3432  354.115  84.7367
244.485  205.594  233.369  258.085
585.17  77.2116  579.541  86.8082
124.809  100.366  74.9428  136.782
550.383  90.5553  542.843  101.628
219.395  63.3963  198.042  94.7849
430.341  108.067  428.866  131.27
477.431  197.841  491.824  225.432
330.265  177.38  329.475  217.344
481.861  310.012  489.148  342.434
164.008  60.8273  121.053  87.7487
557.04  95.6215  549.303  106.534
572.006  365.952  596.134  395.082
529.838  116.082  523.093  129.181
236.982  82.8103  216.094  115.257
570.333  98.6912  563.559  109.328
184.272  153.609  146.305  194.979
327.593  127.082  323.978  160.768
234.627  82.3416  213.427  114.917
270.846  236.124  272.936  295.551
136.574  299.878  104.724  377.313
164.976  177.605  133.889  227.762
134.333  284.581  97.2833  354.57
518.221  174.684  524.939  194.757
426.507  215.783  441.069  250.179
369.122  221.345  379.866  265.778
266.996  77.778  245.336  105.824
423.606  132.384  422.071  154.541
435.067  351.165  450.035  396.362
142.234  234.299  102.313  293.595
514.764  188.747  529.427  212.498
125.721  86.5969  77.2677  121.587
440.541  145.449  437.914  166.744
169.027  156.428  131.558  202.072
262.846  229.136  263.934  284.853
213.588  75.0741  189.735  108.38
296.006  83.6664  282.159  112.07
578.188  115.715  573.332  126.857
167.014  317.065  139.264  387.644
166.794  65.0856  127.431  93.6615
300.726  54.4161  288.935  75.6687
601.058  81.5662  594.193  90.4028
152.288  282.424  118.498  348.988
239.675  200.047  224.812  250.538
446.425  347.06  461.617  390.538
264.427  199.059  267.649  251.945
507.436  328.707  520.89  362.242
330.883  188.382  330.638  225.886
502.475  199.382  519.738  225.685
310.415  211.36  318.217  259.186
406.296  185.51  406.776  217.41
212.922  190.028  190.598  240.245
234.946  82.5842  213.342  115.143
464.949  120.171  462.512  138.134
458.774  127.127  457.054  146.121
186.805  158.608  153.397  203.369
488.148  113.329  475.251  126.83
287.824  211.248  294.972  263.106
261.902  226.596  257.34  282.402
423.942  138.792  423.782  161.679
535.161  115.439  528.529  128.088
540.611  138.846  536.644  156.404
158.84  140.11  123.925  183.871
317.164  182.405  315.919  224.86
398.684  225.248  419.708  267.117
145.813  300.08  110.949  369.238
187.975  182.883  153.882  229.452
485.67  347.89  502.844  387.095
353.905  186.661  356.193  221.908
153.262  272.11  119.935  338.306
548.902  90.1815  540.788  100.937
486.845  170.507  490.945  191.66
159.878  174.467  124.74  226.837
267.944  78.2137  245.335  106.122
150.844  108.283  113.282  147.492
157.319  50.6281  115.36  76.9901
364.781  186.331  367.111  220.069
125.435  17.3971  74.9562  42.8066
505.917  152.898  502.613  169.437
198.283  58.9741  175.442  92.1746
487.888  354.482  508.495  395.845
122.598  300.379  83.2167  374.106
444.111  184.29  450.519  210.733
336.036  229.713  342.686  278.381
156.269  57.4895  114.343  89.2809
377.128  203.798  382.971  243.322
536.677  95.6981  528.71  107.108
297.146  125.719  289.848  161.877
147.735  245.116  108.341  304.26
172.64  181.755  146.651  234.078
474.913  308.236  479.992  340.593
369.986  69.9767  359.148  92.02
572.933  106.101  568.824  117.045
455.201  146.978  454.514  167.538
430.261  218.894  445.459  257.345
452.829  191.826  460.762  218.42
393.434  79.0671  386.366  101.344
434.441  179.102  435.15  208.101
330.814  185.727  330.032  222.41
128.001  288.008  89.2349  359.41
234.938  81.5252  214.413  114.599
512.77  291.316  522.821  317.15
338.319  167.048  336.742  204.955
158.281  131.702  121.753  177.98
194.598  52.9493  168.622  84.5611
545.651  112.789  538.873  124.551
124.211  99.7285  74.3549  140.596
300.085  83.613  285.22  111.676
452.829  191.826  461.165  218.518
585.407  77.7437  579.541  86.8082
334.936  185.49  333.427  225.75
574.919  116.813  570.441  127.819
407.417  179.052  410.728  207.424
170.193  296.347  141.946  364.302
127.375  86.8768  76.0804  124.199
154.728  109.885  117.402  148.308
229.095  83.9494  207.855  118.006
329.373  131.008  326.669  165.808
156.335  111.523  118.334  154.38
335.789  179.907  335.481  215.434
435.09  350.641  450.035  396.362
592.679  96.1483  585.878  105.289
309.795  125.171  303.584  160.307
551.562  114.81  545.048  126.305
483.661  211.882  500.144  239.987
371.263  222.27  381.991  267.043
331.539  189.292  330.749  225.991
261.866  79.0988  239.596  108.237
325.587  81.3179  312.719  107.58
465.44  182.175  471.16  205.93
169.131  183.263  134.377  234.793
485.122  204.888  500.135  231.767
397.099  204.854  408.89  240.101
516.324  348.014  533.289  383.582
146.744  244.826  106.442  303.683
469.642  183.613  479.08  208.455
273.836  215.486  277.943  273.771
306.536  209.848  314.312  257.633
239.957  83.2366  215.223  114.595
439.983  182.655  446.157  208.931
208.221  79.0103  190.889  112.148
447.869  190.919  455.862  217.679
512.081  109.176  505.218  126.857
180.469  62.8839  153.283  93.3591
286.492  134.296  277.978  167.826
510.326  199.504  530.102  225.461
296.932  125.895  289.545  162.444
373.824  180.365  378.105  212.888
572.309  387.419  606.713  422.115
420.944  179.55  420.941  209.947
482.258  202.54  496.581  229.147
289.808  229.81  293.544  286.175
211.48  79.3739  183.166  112.605
170.81  316.416  143.062  386.482
149.617  52.6403  107.937  85.1735
288.546  238.484  291.92  295.89
500.775  205.14  515.505  235.392
251.8  217.043  253.358  279.304
176.77  68.7088  135.054  94.5998
430.031  209.979  444.419  247.855
417.44  151.647  417.438  180.543
151.408  167.785  111.016  218.087
454.78  128.066  452.389  146.511
254.497  232.167  252.785  293.372
399.094  212.152  412.729  253.861
579.532  107.803  575.863  118.083
335.8  196.677  334.067  238.196
152.263  116.54  108.667  151.905
530.767  205.909  550.054  230.038
449.047  343.184  464.788  386.062
