1069
530.81  245.791  494.242  215.401
192.6  197.24  200.625  203.682
502.521  75.2028  435.79  59.4641
620.155  70.1751  520.539  47.2898
74.028  264.863  71.2584  287.626
113.062  164.959  98.6153  180.199
252.282  330.041  270.679  326.911
94.1463  315.645  98.5154  336.697
573.737  57.964  479.048  38.639
437.407  278.702  426.412  255.338
512.173  217.941  468.828  192.025
518.01  225.211  479.223  197.919
327.254  192.605  337.448  184.768
252.887  328.418  271.917  325.167
80.786  226.053  80.0123  246.374
496.027  231.948  456.708  206.579
547.995  173.741  489.337  148.115
544.754  231.698  505.023  201.074
114  352.17  124.357  370.508
68.9217  282.022  64.9676  306.216
195.875  256.658  204.619  262.762
199.68  423.391  214.921  427.587
210.434  165.064  217.388  169.688
239.182  369.992  258.447  367.942
579.732  61.3554  484.685  41.4829
187.382  178.551  191.64  185.652
72.4767  244.473  69.7852  266.665
499.929  322.808  497.341  287.365
582.489  191.699  525.785  161.354
195.798  254.839  204.413  260.968
82.7543  314.094  83.251  337.14
572.213  201.725  521.791  171.314
113.177  318.517  120.327  336.593
239.961  234.397  260.332  234.518
525.456  212.461  479.785  185.642
507.818  311.865  504.455  276.335
35.1911  186.009  16.3114  210.738
59.7212  197.195  52.391  219.213
65.7642  253.626  59.9706  277.214
78.6249  230.898  77.1177  251.744
234.059  343.385  254.352  342.504
488.049  98.1354  426.169  82.1874
116.837  220.774  125.684  236.097
93.6192  328.075  97.3333  349.661
527.321  183.104  476.331  158.416
572.085  197.415  518.324  167.529
412.641  202.458  400.779  186.329
595.981  74.6254  501.083  52.8489
431.795  295.826  423.997  271.82
434.735  293.886  425.998  269.695
332.483  186.925  342.742  178.727
163.281  313.685  177.573  323.792
580.572  191.388  523.965  161.222
114.185  166.271  99.7417  181.484
227.568  261.582  241.126  263.367
590.972  155.81  523.488  128.106
283.919  160.095  284.659  157.87
205.358  379.888  219.034  383.738
198.212  262.527  207.103  268.361
83.2768  268.893  84.7439  290.302
345.548  155.307  353.004  147.277
354.046  154.226  360.64  145.492
443.075  287.668  431.125  263.046
234.694  143.919  236.305  146.384
244.776  321.332  261.661  319.655
455.892  57.6927  411.016  46.0333
77.4418  179.078  65.5726  198.577
618.361  127.06  524.166  99.8155
130.3  225.632  139.675  239.338
82.4184  239.75  82.9033  260.346
538.426  153.086  475.7  129.924
211.092  285.507  224.34  289.247
94.2092  299.113  97.8288  319.69
419.271  201.724  406.694  185.083
599.409  113.417  506.172  88.5887
555.422  194.058  503.412  166.011
610.213  72.7643  512.011  50.3431
504.627  80.261  438.613  64.1794
251.738  329.115  270.535  326.109
66.3615  234.247  61.0846  257.01
180.005  154.643  183.87  162.243
138.173  211.733  151.336  224.188
549.055  207.443  499.366  178.878
83.6403  314.513  84.2851  337.342
590.489  173.424  524.811  144.129
618.032  127.261  523.956  100.011
432.518  295.213  424.823  271.255
566.231  152.133  499.263  126.655
71.0929  249.738  68.5765  272.206
143.312  247.318  153.409  259.739
256.953  235.52  269.871  234.184
604.419  68.9258  506.597  47.139
245.738  261.2  262.284  260.368
500.51  96.741  438.466  80.0422
300.127  199.625  309.801  194.336
596.681  73.7944  500.747  51.9808
68.903  252.273  65.4668  275.342
559.2  207.38  509.261  177.83
113.766  193.271  108.839  209.016
72.7904  229.546  71.0898  250.948
213.108  346.437  227.255  349.348
198.374  337.876  207.771  343.536
142.72  244.254  152.669  256.88
326.795  212.463  336.758  203.87
251.738  329.115  269.927  326.196
104.094  317.263  109.338  336.927
523.159  222.766  483.861  195.044
530.747  237.936  494.304  208.263
85.121  251.238  87.8971  271.766
445.223  234.482  428.565  213.406
618.36  128.923  524.418  101.684
183.049  183.686  188.83  191.291
228.432  278.046  244.585  279.179
71.5906  261.543  70.6291  284.463
251.268  346.228  270.213  342.943
582.777  169.834  517.339  141.688
73.169  324.416  70.3581  349.425
260.478  158.967  271.048  158.742
579.366  60.328  484.499  40.6358
590.227  156.379  523.42  128.731
251.312  353.036  270.567  349.566
162.03  376.052  176.729  386.545
253.415  350.961  273.155  347.173
109.086  316.07  117.473  334.702
583.384  170.438  517.862  142.201
365.169  145.914  368.056  136.469
495.66  225.711  458.924  200.791
485.225  305.125  483.028  273.177
184.286  261.224  192.908  268.913
503.563  81.5366  437.87  65.2717
117.55  221.681  127.806  236.703
619.402  71.1714  519.877  48.3751
448.975  276.339  434.774  252.049
142.676  194.02  153.044  205.894
101.591  234.56  109.437  251.964
519.398  230.549  479.657  202.888
525.584  158.479  465.366  136.063
473.1  245.962  444.714  221.731
565.584  151.958  498.34  126.501
487.74  235.798  453.233  210.95
418.893  202.537  406.584  185.944
137.058  146.148  144.782  157.612
598.401  115.961  505.804  91.2053
230.869  346.638  252.852  345.837
212.157  178.656  221.059  183.12
134.608  222.564  143.416  235.927
109.919  346.226  117.733  365.486
508.29  227.893  471.457  201.48
242.617  269.847  259.187  269.47
529.961  152.989  468.536  130.597
93.3107  304.702  97.4903  325.716
242.784  103.666  242.688  105.612
200.71  255.59  209.64  261.204
237.547  141.007  239.405  143.416
79.142  317.213  78.1742  341.152
534.786  194.432  485.092  168.056
30.2776  188.573  13.4378  214.069
609.869  72.5692  512.036  50.2681
580.539  61.9344  485.709  41.8186
83.2019  244.089  84.2321  264.493
574.968  73.4783  481.831  52.9506
271.736  344.588  290.948  338.322
72.9025  310.959  69.7989  335.489
113.177  318.517  121.711  336.635
317.008  169.472  324.9  163.702
119.202  220.531  129.541  235.606
507.253  306.496  502.151  271.838
110.755  236.103  122.775  252.435
83.6158  291.522  84.8147  313.453
49.5104  363.008  34.4649  394.85
49.3142  364.888  34.321  396.847
111.857  317.663  121.819  335.495
412.746  272.004  403.802  252.116
329.968  342.243  345.641  327.546
537.068  167.822  477.536  143.789
575.083  196.602  520.627  166.31
90.7938  307.222  91.3403  329.044
494.341  254.773  465.606  227.565
484.446  305.407  482.499  273.576
77.5889  319.837  76.3328  343.802
69.521  284.595  65.8417  308.976
526.149  247.672  492.272  217.316
72.0982  245.045  69.5321  267.098
243.296  223.346  258.503  223.768
301.834  170.264  305.963  166.098
240.853  372.559  261.625  370.191
101.51  233.941  109.472  251.635
83.6559  290.038  84.7314  311.901
78.4905  236.247  80.3458  257.239
319.273  177.304  329.075  170.646
73.0324  323.37  70.2455  348.277
246.264  321.201  264.531  318.94
197.441  339.881  208.461  345.604
485.482  304.557  483.24  272.696
599.095  113.554  506.45  88.6091
198.738  251.663  207.545  257.586
500.69  79.7693  435.299  63.7162
77.3528  280.295  76.6803  303.211
580.923  117.988  490.991  94.4076
342.084  174.264  351.395  165.886
192.828  180.383  198.101  186.669
184.179  258.889  192.71  266.268
131.55  225.845  139.675  239.338
153.477  296.567  167.21  308.222
191.94  211.098  199.53  217.875
253.594  328.346  271.864  324.87
236.459  337.388  255.265  336.174
121.094  239.571  132.62  254.376
83.9881  245.119  84.8412  265.412
134.214  224.075  143.114  237.585
597.458  120.34  506.39  94.9799
525.584  158.479  464.514  135.749
267.757  177.825  275.617  176.334
428.594  183.41  409.646  166.821
242.543  322.176  260.239  320.883
485.828  305.727  483.247  273.781
235.949  250.456  251.06  250.963
557.032  172.61  498.07  146.468
421.239  203.571  408.553  186.352
89.9044  282.671  92.9255  303.241
237.017  234.165  251.809  234.781
583.086  209.009  530.981  177.165
603.093  166.576  535.672  137.099
82.038  299.517  82.628  321.926
540.5  200.478  492.662  172.934
555.729  193.44  504.086  165.112
73.939  184.061  66.0227  204.143
524.781  158.335  464.652  136.098
597.743  115.348  505.69  90.3279
355.884  337.127  372.799  319.19
116.396  341.08  126.994  358.593
598.884  113.558  506.172  88.5887
74.2779  317.739  71.7854  342.184
179.713  176.422  185.605  183.989
493.165  311.648  490.317  278.29
587.336  71.2251  492.421  50.0033
332.403  191.622  342.693  183.529
209.519  382.744  221.456  386.298
506.884  78.399  440.406  62.4454
507.542  79.4889  441.108  63.4343
69.4487  232.983  66.1074  254.883
235.343  373.934  255.865  372.007
199.003  250.263  207.711  256.213
495.267  287.126  488.776  255.826
86.4971  256.094  88.0301  276.353
242.314  455.865  266.376  450.549
101.802  236.998  109.834  254.798
494.003  82.2406  428.51  66.9291
208.861  166.936  215.277  171.471
549.382  205.801  500.418  177.483
516.755  249.286  484.966  220.174
537.721  166.963  477.799  143.022
524.034  159.085  463.968  136.889
258.841  325.451  276.561  321.293
241.532  329.484  261.191  327.54
491.602  89.231  428.013  73.2207
239.694  333.717  259.026  332.501
116.574  221.758  127.806  236.703
116.423  222.672  127.532  237.662
72.713  231.227  70.5855  252.561
98.6658  165.677  78.8554  182.895
577.219  205.899  524.805  174.957
343.92  153.787  351.255  145.658
169.82  322.796  185.228  331.682
584.783  71.0982  488.654  49.9932
551.806  167.984  491.667  142.735
502.052  241.737  469.591  214.902
161.822  385.109  176.599  396.041
132.257  221.798  140.862  235.041
538.416  210.353  491.596  182.708
528.564  208.971  482.036  181.888
105.648  162.568  91.1232  178.755
72.8603  322.59  71.1492  347.306
133.294  222.872  142.271  236.524
350.92  165.371  356.793  156.163
133.206  222.829  141.781  235.979
605.126  219.993  551.707  185.028
169.963  320.706  187.127  329.926
468.352  328.308  466.018  296.437
82.657  268.348  84.6613  289.457
178.478  160.705  182.608  168.294
558.684  264.891  524.016  229.303
275.805  338.329  293.597  331.358
235.79  270.35  252.427  270.424
96.037  251.324  100.458  269.972
556.642  207.248  507.062  178.143
117.795  327.374  129.668  344.796
615.755  117.357  521.369  91.41
572.895  72.5112  480.145  52.0416
87.1929  275.45  89.8044  296.694
201.294  274.718  210.734  280.326
75.7449  169.926  58.917  189.64
537.732  167.185  478.114  143.252
199.567  338.858  209.861  344.445
164.514  315.641  179.61  325.262
156.406  405.665  171.427  416.997
252.541  345.377  271.724  341.502
595.364  71.7025  499.323  49.9042
547.626  207.114  499.366  178.878
73.308  254.523  70.756  277.261
478.427  243.713  448.958  219.257
68.3039  183.901  55.153  204.904
492.547  306.208  490.042  272.825
468.053  251.4  442.52  227.389
494.992  303.673  492.221  270.204
323.487  159.223  329.135  152.792
83.8975  189.62  73.6601  208.419
177.671  264.778  188.084  272.774
375.731  185.929  371.022  174.38
325.349  158.207  335.119  151.512
501.811  241.331  468.724  214.628
570.846  218.27  522.27  186.782
86.5304  321.914  85.9029  344.451
223.33  274.496  237.817  276.868
138.173  211.733  151.272  223.82
314.714  157.594  324.77  151.892
494.003  82.2406  428.905  66.3785
513.367  226.023  473.004  198.945
332.987  325.079  345.626  311.461
256.32  349.453  276.469  344.796
569.86  215.317  520.079  183.624
94.1463  315.645  98.5548  336.379
574.937  158.724  509.655  132.354
246.786  409.989  269.901  405.684
240.276  318.533  256.756  317.21
623.187  62.1847  522.571  39.4082
485.033  241.375  455.234  215.739
171.699  436.228  187.09  444.919
301.682  316.314  316.245  307.246
84.2206  245.017  85.5748  265.13
246.611  321.357  264.531  318.94
490.391  231.111  457.655  206.389
83.7099  189.778  72.7841  208.61
573.344  225.172  524.353  192.875
197.146  444.194  212.505  449.004
76.439  178.752  65.5726  198.577
530.719  151.681  468.93  129.52
547.593  232.991  506.558  202.369
76.5184  173.316  60.907  192.432
513.896  313.212  510.388  277.132
611.847  62.8736  512.644  40.6757
509.336  307.195  505.812  271.573
501.811  241.331  468.577  214.671
510.735  210.278  467.593  185.374
54.8264  230.739  47.2976  255.191
533.259  188.952  482.643  163.647
116.828  228.75  128.295  243.711
199.676  200.654  207.224  206.003
416.66  267.039  408.065  246.408
55.084  191.024  43.1817  213.127
218.675  190.621  228.037  194.557
301.04  159.183  309.777  155.415
465.577  327.029  462.362  295.634
591.694  164.79  525.4  135.842
522.447  148.499  461.653  127.251
527.165  142.928  465.366  121.67
320.258  210.464  330.751  203.078
49.1607  209.114  38.7191  232.689
241.17  422.818  264.004  419.256
136.26  193.919  144.459  206.112
529.869  182.897  477.9  158.421
303.016  165.641  313.982  161.447
363.531  182.463  371.509  171.864
560.097  174.12  501.904  147.721
504.556  235.499  469.154  209.115
507.596  223.375  467.138  197.791
182.881  186.909  188.81  194.825
563.897  218.706  514.946  187.992
99.9072  203.549  101.604  221.12
599.075  62.4251  502.145  40.9653
113.78  232.181  125.311  247.547
615.217  114.828  520.726  89.2168
232.406  374.659  252.888  373.812
254.258  334.21  274.533  330.129
598.827  153.604  531.174  125
579.315  60.8486  484.499  40.6358
196.819  252.294  205.347  258.668
556.794  155.017  490.171  129.8
143.57  147.848  153.231  158.399
224.464  165.602  235.539  169.062
537.001  160.794  476.177  137.509
80.0212  226.837  78.5832  247.719
254.428  350.3  274.249  345.859
483.013  324.388  481.24  291.422
94.3587  316.041  98.5154  336.697
89.3292  303.276  94.4931  324.981
569.166  52.0251  474.808  32.9353
587.685  59.6389  491.753  39.0075
70.4687  190.333  58.0194  210.66
97.5696  301.066  100.706  321.734
560.794  221.765  514.254  190.221
418.562  307.779  416.829  284.711
595.959  120.513  504.935  95.0572
538.46  207.962  491.468  179.834
611.533  61.3997  512.145  39.2564
538.637  203.83  490.629  176.041
356.219  151.068  361.711  141.839
65.2519  188.963  53.2773  210.595
420.794  204.384  408.027  186.979
522.422  149.143  461.541  127.91
432.309  295.49  424.939  271.03
71.3761  262.392  68.4272  285.005
497.197  248.96  467.864  221.285
196.46  145.279  200.021  151.731
242.342  337.363  269.108  335.097
493.575  304.547  491.025  271.046
152.601  297.486  165.736  309.541
200.076  193.457  207.872  198.67
242.404  232.103  258.392  231.84
199.503  336.768  210.028  341.631
196.401  292.636  206.569  298.088
544.345  201.567  496.138  173.371
456.597  318.382  454.183  289.566
214.523  285.417  225.701  289.242
102.623  316.861  109.338  336.927
325.485  170.992  339.069  164.434
598.501  114.439  505.836  90.0949
252.548  356.416  272.631  352.044
419.782  200.311  407.303  184.069
196.668  433.292  212.569  438.303
533.088  181.758  480.234  157.165
509.066  81.2032  442.384  65.1542
196.508  147.564  200.075  154.047
343.302  335.349  357.169  318.937
591.532  220.224  540.049  186.714
111.816  318.866  120.327  336.593
184.598  264.067  193.167  271.165
594.378  71.7223  497.934  49.8208
424.347  288.552  417.018  266.402
352.277  150.406  362.579  142.289
240.231  241  256.262  240.832
525.465  158.121  465.366  136.063
312.863  319.767  326.028  308.373
118.466  326.661  129.485  344.228
103.481  328.092  110.596  347.385
204.09  345.793  218.226  349.521
59.0915  247.29  51.97  271.127
598.722  153.729  531.114  125.049
363.017  163.207  364.894  153.807
568.541  63.4328  475.507  43.621
527.596  246.212  491.727  216.568
243.972  248.572  260.65  247.78
603.453  69.4271  506.597  47.139
609.056  72.9423  510.963  50.9738
73.5163  323.21  70.6014  348.702
598.913  153.107  531.181  124.463
44.5093  189.769  32.7557  213.802
459.222  33.5804  413.147  23.3022
68.1876  178.789  54.038  199.786
580.539  61.9344  484.685  41.4829
496.095  327.424  493.806  292.538
240.846  228.872  256.771  228.798
300.726  201.008  316.25  194.949
199.269  186.877  204.998  193.158
530.007  186.019  479.521  160.415
287.426  326.7  299.81  319.675
244.364  400.012  266.381  396.64
539.132  210.54  492.355  183.018
187.71  137.87  192.115  144.179
120.942  225.135  132.886  239.366
71.695  404.433  67.2714  433.361
82.2705  267.958  84.1457  288.9
571.411  219.001  523.212  187.557
93.329  313.363  97.7109  334.955
189.047  374.266  202.797  380.189
567.592  63.2574  474.18  43.4716
306.005  210.551  315.481  203.904
162.751  374.846  177.997  385.761
251.639  328.669  270.535  326.109
124.568  365.483  138.532  382.513
325.349  158.207  334.91  151.319
583.22  170.771  517.605  142.914
593.986  73.8004  498.779  51.7284
431.677  296.201  423.906  272.736
537.211  257.408  505.875  224.504
199.568  219.084  207.028  224.29
568.693  51.9453  474.401  32.7666
245.159  322.406  262.2  320.06
196.819  252.294  206.192  257.7
510.396  210.058  467.593  185.374
123.568  218.317  132.329  233.293
69.4487  232.983  67.3061  254.518
332.878  329.983  346.12  316.334
85.8101  312.175  86.738  334.127
571.898  264.181  534.772  228.08
194.817  184.812  200.746  191.607
103.58  319.07  110.626  339.12
564.05  219.708  514.946  187.992
193.909  242.473  200.981  249.445
84.2923  244.524  85.1981  264.427
527.596  246.212  492.851  216.58
94.7564  301.129  99.7187  322.17
133.828  226.501  142.542  239.357
334.254  174.033  346.886  165.562
243.002  221.563  258.914  221.276
242.511  244.903  258.534  244.302
117.449  228.221  128.447  242.924
592.412  61.9312  496.329  40.7239
526.795  247.228  492.778  217.575
123.914  359.071  135.382  375.331
76.5781  173.013  61.347  191.874
185.543  265.476  194.173  273.453
596.376  124.504  505.199  99.6818
253.65  296.517  261.522  294.256
324.051  339.887  339.633  326.891
239.893  366.715  260.548  363.882
99.6261  243.319  111.751  260.475
598.485  161.416  529.81  133.144
199.98  164.197  204.073  169.382
76.2674  178.315  64.4156  198.414
590.723  212.867  537.641  180.3
550.173  58.8492  457.072  40.2592
43.8216  186.114  29.9908  209.105
432.518  295.213  423.997  271.82
198.624  424.411  213.816  429.377
611.341  61.9721  511.812  39.6286
93.3107  304.702  96.6764  325.079
577.426  116.199  488.637  92.2232
612.161  62.6341  512.951  40.1974
537.479  152.467  475.7  129.924
380.457  139.505  377.356  129.842
578.053  205.126  525.377  174.498
179.562  441.156  198.141  448.9
132.865  221.131  141.409  235.139
71.4104  246.283  67.3512  269.341
68.3039  183.901  54.1052  205.242
102.044  317.461  108.354  337.817
504.657  235.638  470.258  209.388
79.0037  240.928  78.6417  262.578
552.593  168.295  492.656  143.274
101.583  166.078  85.2372  183.211
240.237  370.835  260.691  369.053
49.7099  363.041  34.3063  394.129
96.389  185.377  85.3224  203.579
490.195  311.353  487.742  278.752
586.971  187.514  528.506  156.582
83.6249  252.766  83.6811  274.242
581.379  191.435  525.833  161.804
85.5645  323.147  84.1679  345.635
191.816  278.605  201.212  285.782
453.857  177.103  428.271  158.29
570.985  44.508  476.037  25.5657
204.927  148.65  209.001  153.268
105.28  212.381  115.622  229.346
587.534  158.139  521.859  129.827
188.563  341.957  200.791  348.066
453.498  176.837  428.871  158.035
199.005  355.602  212.063  359.996
599.545  164.059  531.847  134.269
87.0265  308.357  89.624  329.763
520.574  255.05  488.946  225.414
534.694  193.596  485.092  168.056
452.145  35.2721  407.117  25.4716
537.487  222.636  495.26  193.027
76.439  178.752  65.3048  198.884
422.184  282.935  412.872  260.473
491.322  251.506  461.809  225.382
63.3927  254.956  57.4668  278.315
532.61  162.878  470.344  140.112
83.2019  244.089  83.8595  264.034
606.63  56.1509  510.216  35.7525
117.6  344.885  128.312  361.868
299.431  338.629  315.305  329.31
314.006  136.946  326.538  132.856
498.705  233.118  462.044  207.882
510.9  210.927  468.369  186.239
431.704  296.058  423.906  272.736
120.872  218.766  135.489  232.553
563.994  218.34  515.415  187.899
582.53  161.078  516.502  132.926
105.302  230.88  116.505  248.294
503.23  238.552  470.438  210.919
97.5696  301.066  100.929  320.657
531.164  136.751  467.535  115.9
128.455  234.422  139.232  247.828
321.491  335.116  335.614  321.611
603.453  69.4271  506.533  46.9405
118.052  230.54  129.323  245.092
524.781  158.335  464.193  136.55
236.211  187.433  245.25  189.878
601.745  52.9425  504.931  31.7288
78.5735  292.859  76.9295  316.616
183.577  157.39  187.84  164.046
87.0415  286.134  88.9148  306.847
499.712  231.8  463.635  206.542
535.639  208.104  489.502  181.289
579.898  118.846  491.44  94.4058
453.422  51.9138  407.768  41.2838
95.5336  169.536  79.4662  187.507
453.258  51.1511  407.94  40.5756
595.364  71.7025  499.797  50.8745
247.135  214.028  261.572  214.7
510.735  210.278  468.166  185.689
339.208  177.398  348.529  169.662
254.344  330.118  276.798  325.599
64.6414  187.441  53.7485  207.926
273.928  155.573  279.877  154.855
67.4174  294.72  62.6998  319.013
254.908  337.937  277.442  334.522
201.622  290.085  212.046  295.936
507.269  236.074  473.901  209.551
122.437  358.223  134.705  375.861
153.477  296.567  167.034  307.338
230.037  164.577  242.489  166.369
518.003  163.595  460.89  140.613
77.9413  237.773  76.628  258.218
58.9236  249.246  52.2396  272.918
524.125  220.662  482.811  193.893
610.213  72.7643  510.963  50.9738
160.97  408.628  176.188  418.753
592.265  61.6999  496.23  40.3566
411.961  216.482  401.561  198.932
436.954  286.169  426.353  261.649
491.008  316.775  489.217  283.675
121.729  217.1  130.019  232.49
354.38  105.981  363.877  99.8697
109.436  198.759  107.95  215.617
511.154  210.709  468.696  186.086
202.196  278.565  211.627  283.033
585.032  62.5181  489.828  41.5225
492.082  239.511  458.945  214.458
437.222  283.366  427.338  260.388
156.018  301.656  169.484  313.561
248.127  214.561  261.293  215.241
114.832  349.959  124.955  367.422
236.995  369.539  257.483  366.939
617.175  61.5915  517.097  38.7772
525.86  215.863  481.72  187.961
82.1052  300.199  82.3899  322.126
129.245  364.16  142.361  379.281
74.0726  244.86  72.269  266.034
165.651  403.491  180.692  414.312
443.42  181.69  421.773  164.833
572.246  214.447  522.332  183.662
87.2255  288.276  88.96  308.956
239.87  368.364  260.398  366.842
527.048  252.941  494.215  222.944
574.726  264.83  537.458  228.581
597.839  64.4671  501.288  42.5555
445.303  181.96  423.113  164.935
353.489  105.002  363.045  99.0404
86.6981  292.773  88.5977  313.648
511.145  209.844  467.593  185.374
242.984  424.383  264.864  419.462
572.289  200.913  521.791  171.314
589.73  159.915  522.686  132.689
250.569  132.96  248.554  133.43
73.3714  231.013  70.4614  251.788
171.976  378.349  188.712  387.907
593.952  71.6223  498.456  49.431
431.038  296.432  423.404  273.294
492.663  88.2145  428.013  73.2207
340.014  172.557  348.416  163.495
498.577  255.196  469.419  226.527
473.548  255.226  447.961  229.24
353.82  104.721  363.805  98.7686
500.956  231.75  464.426  206.514
232.868  240.968  248.128  241.376
236.078  242.287  252.123  242.242
73.4072  315.169  69.9189  339.165
599.644  61.8084  502.946  39.9403
522.603  235.642  487.676  207.668
98.1673  173.836  81.0584  190.258
419.752  201.497  408.067  185.527
324.557  325.477  341.009  313.173
60.7643  181.445  44.7904  203.807
493.808  302.846  489.914  269.171
531.624  168.964  472.121  145.988
526.311  253.301  493.381  223.427
209.908  261.918  219.258  267.012
608.19  80.782  512.569  57.0235
603.378  69.0311  506.634  46.4071
505.673  236.007  470.714  209.896
480.243  242.353  449.376  218.406
578.519  60.8981  484.255  40.2817
251.863  358.725  271.168  355.776
347.806  72.5838  358.081  68.4311
434.74  294.743  425.998  269.695
578.426  211.807  527.823  180.739
91.0079  318.298  92.4529  339.322
497.555  249.441  467.864  221.285
531.77  137.435  467.847  116.683
550.755  209.952  504.257  179.963
599.964  159.103  531.33  131.186
522.18  222.694  481.541  196.089
197.632  186.424  203.477  193.249
230.966  138.81  233.159  142.534
436.746  285.867  425.956  261.271
227.143  362.625  244.763  363.597
259.251  254.683  275.206  253.274
540.629  204.232  492.219  177.491
86.5387  303.542  86.7077  326.571
581.048  59.3  485.018  38.5978
532  182.447  479.6  158.316
322.568  181.857  331.106  174.083
106.287  271.382  115.275  288.309
590.972  155.81  523.044  128.933
197.858  390.152  215.461  395.484
565.462  218.831  516.85  188.422
626.56  198.455  561.704  162.763
351.762  134.685  362.111  125.962
257.259  160.291  266.693  159.408
572.544  58.7162  477.94  38.5312
54.8264  230.739  47.8297  255.697
119.587  228.853  130.972  242.945
349.736  132.037  359.32  125.378
231.522  240.665  246.87  241.142
181.333  156.813  185.29  163.47
412.2  195.152  399.513  180.427
451.187  50.4342  406.548  40.2507
238.349  285.794  251.71  286.751
569.676  210.679  518.448  180.68
247.138  208.119  262.198  207.268
66.4713  189.274  54.2198  209.483
451.794  35.4075  406.563  25.8967
327.464  158.745  336.37  151.246
201.153  431.059  217.432  435.73
111.857  317.663  121.325  336.631
55.3376  234.512  46.6561  257.889
448.338  277.989  434.016  252.635
203.934  246.775  212.32  252.827
224.669  419.475  242.865  419.983
192.292  154.288  196.407  159.821
139.692  214.065  148.882  225.608
452.412  50.8158  407.94  40.5756
127.398  230.01  137.771  243.21
604.419  68.9258  506.713  46.1325
557.437  264.058  523.414  229.858
602.237  107.917  509.385  82.4201
129.453  24.4004  134.548  34.816
220.217  240.919  234.642  242.758
236.191  326.958  252.119  327.401
500.305  230.343  462.325  205.503
68.9658  314.018  65.9415  340.331
488.428  331.061  487.42  297.297
111.857  317.663  121.711  336.635
453.422  35.7756  408.161  26.2115
495.356  301.597  492.078  267.629
564.571  46.9895  469.72  27.8819
114.517  342.305  124.96  361.338
195.519  444.798  212.755  450.266
80.1087  296.101  80.3908  319.885
451.721  35.3361  406.563  25.8967
593.746  59.8718  497.65  38.3109
456.502  27.6595  410.467  18.3234
119.175  227.231  130.657  241.246
443.537  186.656  424.332  167.676
314.359  158.149  325.025  151.773
452.453  34.9222  407.117  25.4716
137.978  190.459  151.28  203.513
346.877  137.633  356.519  131.087
534.172  206.159  487.174  180.004
247.142  212.527  262.31  213.509
333.724  329.311  348.64  313.868
480.849  326.026  484.328  291.327
251.82  349.645  271.236  347.074
68.3554  176.85  52.636  198.364
289.1  326.646  303.537  319.736
205.536  287.466  216.245  293.116
224.473  143.597  228.444  145.973
238.145  270.133  254.867  271.216
586.134  61.1601  490.998  39.8751
336.218  153.984  346.781  147.774
278.427  156.271  280.036  153.506
453.246  35.4876  407.966  26.0428
603.967  164.347  535.623  135.846
106.949  174.932  93.0414  190.077
207.498  393.44  226.525  395.049
492.693  285.188  488.038  255.05
484.675  243.314  454.951  218.966
575.704  221.806  523.918  188.296
50.5807  206.881  40.4537  231.596
215.735  156.467  223.962  161.604
91.0345  307.147  92.0854  327.629
603.385  165.874  535.144  137.309
583.114  162.742  516.633  133.985
619.883  325.797  563.576  279.825
198.731  423.554  214.642  428.926
569.621  56.1601  475.102  36.0972
598.268  121.344  506.39  94.9799
552.985  168.728  492.988  144.142
310.017  107.288  323.347  104.913
419.549  199.597  407.303  184.069
193.865  390.002  210.107  396.389
100.966  305.9  106.741  324.466
207.549  430.796  224.395  434.473
581.048  59.3  486.048  38.3671
200.395  182.494  206.092  189.285
165.194  403.282  180.644  414.486
112.187  316.16  122.514  335.167
372.067  90.9872  377.263  84.6395
57.2478  182.411  41.4899  205.506
116.828  228.75  128.447  242.924
186.218  140.394  190.071  148.477
446.779  277.933  431.81  254.882
81.9879  269.011  82.6858  291.737
120.036  352.225  131.612  370.661
203.157  427.359  219.684  431.922
512.452  447.454  517.845  399.04
328.449  80.7347  339.235  77.9207
65.5391  256.622  62.3634  279.044
309.038  107.634  322.544  105.379
251.986  327.049  270.17  322.882
204.825  153.273  210.26  159.645
115.935  238.531  127.974  255.297
482.774  334.002  481.558  301.02
167.498  381.158  183.552  391.923
202.792  376.543  216.354  381.972
238.172  363.33  258.892  360.198
236.512  217.132  250.23  219.492
171.073  305.129  186.349  315.238
153.025  296.363  167.299  306.643
77.7428  324.686  72.4432  348.195
424.869  289.731  416.32  265.907
602.534  106.971  509.729  81.2759
83.3904  311.336  85.408  332.841
81.8399  235.309  80.5744  254.684
83.8213  312.628  85.5643  334.137
278.124  75.3238  285.387  76.2396
116.423  222.672  127.806  236.703
195.292  445.321  212.404  451.08
236.937  422.492  256.534  420.947
120.085  231.03  131.435  244.795
588.069  108.985  496.357  84.1316
178.033  154.39  182.677  161.014
121.189  231.842  132.916  247.887
339.598  338.325  355.908  321.29
543.029  230.138  501.791  201.133
268.298  372.467  286.152  364.738
340.109  173.262  349.079  163.714
324.691  157.216  334.094  149.708
243.97  245.654  260.671  246.598
306.977  160.825  312.747  154.957
214.409  164.785  225.762  167.61
581.916  162.161  515.758  133.386
226.953  340.888  246.669  339.883
302.762  158.99  312.347  153.44
271.555  380.792  294.26  374.227
496.223  250.543  467.294  224.51
280.203  78.7492  285.5  79.5128
589.614  119.633  499.15  93.8535
208.005  287.979  217.602  293.618
191.992  248.852  200.621  254.16
81.7919  238.771  80.4094  258.207
571.482  201.028  520.071  172.035
562.108  264.328  525.403  230.072
507.118  204.273  459.31  178.736
156.074  302.112  169.481  314.57
163.154  384.443  178.182  396.154
510.396  210.058  468.696  186.086
618.392  74.178  519.263  49.8078
143.347  247.435  153.13  261.243
249.632  133.567  248.754  133.57
88.7405  317.486  90.8094  338.296
569.967  216.897  519.588  184.096
589.58  159.986  522.588  133.297
307.138  176.997  316.044  173.072
117.207  342.948  126.07  359.473
82.1052  300.199  82.1135  321.584
164.222  317.403  179.375  326.042
392.179  152.346  381.689  141.974
425.617  287.957  417.505  263.978
563.276  222.915  515.156  192.817
247.184  203.157  260.915  202.013
144.628  148.802  152.609  158.364
364.543  56.618  369.62  52.4955
335.716  173.747  346.483  164.414
153.477  296.567  167.299  306.643
536.169  260.894  504.811  226.967
121.953  227.047  133.563  240.328
388.173  329.896  395.256  309.863
402.115  282.975  402.118  264.338
208.078  155.954  214.226  162.206
604.619  67.862  506.569  44.6826
322.437  152.888  334.012  148.279
70.9668  403.528  67.2714  433.361
66.0541  288.949  61.4815  315.273
64.7241  255.417  58.464  280.675
192.124  149.711  200.245  157.445
538.868  218.561  495.12  191.228
452.453  34.9222  406.464  25.8757
243.314  389.709  265.661  384.802
327.908  179.209  338.486  173.196
43.7814  190.186  32.1855  212.442
245.388  148.916  250.55  148.894
565.979  256.01  532.031  222.022
452.453  34.9222  406.563  25.8967
114.529  338.62  125.492  357.984
430.922  297.097  423.085  274.599
589.614  119.633  499.139  93.6804
109.701  313.571  114.838  330.816
597.013  188.399  532.373  155.842
242.749  223.931  258.32  225.639
405.432  253.911  395.905  234.327
326.168  158.037  335.454  150.147
120.697  229.352  131.511  242.805
247.252  204.298  262.125  202.954
167.832  301.842  182.608  309.789
194.792  368.083  207.624  372.245
216.365  250.055  224.208  255.154
328.074  61.7763  337.232  59.9421
241.9  369.091  263.987  364.809
74.6235  236.933  72.0361  257.054
335.945  144.885  336.79  136.741
236.417  175.434  246.269  178.762
74.0245  315.936  72.8755  341.946
288.883  370.933  312.195  359.143
235.776  307.605  246.597  309.418
347.968  180.579  354.783  172.761
246.434  322.553  264.531  318.94
111.43  313.481  122.158  332.885
341.266  51.3905  348.549  49.0948
299.417  377.633  320.336  364.226
64.8353  391.286  57.1613  422.319
200.868  339.557  212.642  346.018
138.911  213.197  146.586  224.319
454.727  63.5027  410.649  50.0728
280.53  101.984  290.784  102.505
207.496  378.411  222.602  383.233
152.068  296.37  165.736  309.541
45.7597  375.776  33.6568  409.842
244.662  148.457  250.357  148.384
227.282  237.53  243.089  237.888
222.306  418.859  240.915  420.334
358.978  37.811  362.972  34.9726
74.0493  327.509  71.2353  354.167
367.713  143.143  372.28  132.112
305.173  67.8998  316.399  67.5133
129.453  24.4004  133.545  35.4434
525.996  243.489  492.864  215.213
50.9551  218.834  41.3184  241.383
192.735  161.208  197.185  166.043
309.226  212.977  318.356  208.027
279.148  76.821  285.985  78.058
161.964  378.312  177.493  390.464
242.756  427.812  266.225  425.041
227.119  143.935  223.794  145.667
340.372  150.149  347.394  141.115
208.294  171.216  221.217  174.168
350.363  182.388  356.156  171.162
503.762  228.714  463.698  204.42
218.995  371.904  238.149  374.638
232.343  371.065  246.049  372.348
52.9283  210.126  42.1424  232.04
62.4158  227.138  56.1702  248.42
222.405  154.206  230.493  159.304
113.762  253.7  126.959  271.474
230.117  457.212  251.489  456.418
152.194  296.212  165.736  309.541
201.463  438.523  217.958  443.823
53.4067  370.471  34.0417  404.081
70.2892  177.52  55.7506  199.473
440.32  176.081  416.186  160.858
539.881  229.228  499.494  201.066
307.405  190.318  315.288  183.008
111.67  235.465  123.206  249.83
87.6444  323.868  91.4672  347.883
311.903  166.344  323.02  162.612
251.641  258.578  267.698  258.89
313.526  153.904  322.742  147.034
125.141  232.568  135.568  245.288
158.927  303.037  171.022  312.194
226.657  194.94  238.611  195.793
246.442  136.958  244.897  136.795
512.631  220.304  471.899  195.782
476.156  331.378  472.232  296.861
335.499  57.5499  344.013  55.6471
314.702  180.676  320.364  172.957
301.088  157.754  309.777  155.415
363.922  173.619  364.496  165.018
414.005  256.886  405.036  235.751
496.647  242.027  464.543  217.266
601.146  119.951  507.153  92.7991
220.698  204.561  228.162  209.744
204.709  441.338  223.28  445.858
214.883  152.407  232.91  154.46
314.423  188.191  326.077  183.581
414.564  192.192  402.28  174.653
282.098  98.1704  294.084  98.9492
76.7566  283.455  74.866  304.642
164.249  377.609  179.607  389.626
496.322  318.817  496.134  285.801
128.263  357.325  140.706  371.469
115.794  338.105  125.659  354.1
186.952  243.024  201.701  251.662
230.041  357.989  250.673  355.528
342.772  45.287  348.875  43.4603
329.218  147.095  338.926  138.878
298.694  160.366  308.81  154.523
501.699  348.935  499.077  312.859
237.361  421.639  255.412  420.916
351.743  144.648  360.66  138.289
114.832  349.959  125.008  366.242
228.559  247.684  244.809  247.36
57.8626  183.775  41.099  207.705
51.0618  204.316  40.7611  229.705
339.017  145.984  347.745  136.908
327.715  328.825  342.1  313.388
103.335  237.643  114.19  252.897
491.874  266.294  467.712  240.016
337.109  323.323  352.236  306.699
215.315  436.068  232.071  439.191
603.06  324.735  550.052  281.745
223.663  245.892  239.41  246.112
477.663  312.868  475.135  279.192
301.876  373.871  323.455  359.628
58.733  222.104  53.1017  247.25
290.125  376.541  312.712  363.915
467.151  265.24  446.581  237.761
324.219  153.867  333.236  145.71
174.723  171.389  179.882  177.65
321.707  317.21  336.215  302.96
106.972  323.883  117.181  344.762
247.825  316.933  265.057  312.758
392.774  291.501  386.712  274.774
302.522  179.941  312.744  177.102
555.007  218.093  507.158  189.995
167.678  307.902  182.372  315.263
115.907  246.219  128.6  264.035
145.451  162.015  156.075  175.077
332.09  88.8464  343.952  86.4463
108.959  172.958  94.0663  191.047
100.618  341.292  106.434  359.791
337.395  326.882  353.798  309.754
121.369  244.782  132.937  257.711
251.981  308.159  269.808  307.754
521.197  350.743  517.669  312.104
108.686  233.032  117.55  247.4
487.799  343.74  487.118  310.241
343.917  173.351  354.455  162.369
339.014  181.515  349.124  175.15
340.472  325.034  349.871  312.615
235.734  333.011  250.395  334.853
430.78  298.09  422.88  276.378
480.18  328.895  454.939  300.032
47.5884  386.345  35.4575  421.34
368.88  153.243  374.54  140.923
471.335  323.236  464.672  289.727
243.535  197.099  252.78  200.264
204.033  182.789  209.02  190.417
178.992  215.798  190.741  221.335
507.359  216.503  462.531  193.561
195.658  390.18  212.508  397.429
410.783  201.034  398.617  182.892
435.35  255.317  422.639  231.427
328.255  61.1943  336.243  60.2312
240.847  139.633  243.071  139.25
80.8854  267.662  78.0222  291.996
197.567  442.359  214.766  448.93
246.31  204.204  257.417  202.209
245.709  205.286  258.16  208.088
50.9229  196.079  40.8755  216.719
335.791  174.649  345.66  164.193
310.007  362.385  334.568  346.563
244.404  323.895  257.324  325.054
307.338  372.466  326.712  357.192
306.284  327.578  310.975  315.594
138.911  213.197  147.292  223.279
166.208  158.137  172.23  164.583
192.176  222.976  202.296  226.843
372.083  198.958  368.992  184.273
102.462  323.397  113.652  345.352
104.202  326.243  113.922  348.164
317.433  152.138  326  144.119
582.868  82.015  491.252  57.9841
273.481  306.23  287.84  303.676
119.703  364.96  135.081  384.716
338.152  146.667  347.745  136.908
248.912  286.321  260.262  287.78
