1273
395.676  49.1003  400.481  28.9994
208.307  318.905  242.633  313.277
148.911  100.875  101.529  102.681
497.769  231.849  489.429  202.404
309.244  317.658  337.603  301.425
522.971  211.352  510.084  180.709
534.976  413.71  532.003  371.651
495.803  361.433  484.487  328.529
139.228  106.1  91.163  108.967
510.061  368.987  500.235  333.659
175.289  313.797  208.101  312.052
176.08  304.765  209.734  302.578
166.528  223.314  193.078  220.884
102.405  392.816  108.237  407.2
148.381  113.814  100.591  116.539
381.928  198.153  399.647  176.831
148.364  114.224  100.403  117.008
77.1838  292.526  78.5875  305.689
181.167  218.801  205.969  215.133
377.046  296.6  396.779  274.261
548.534  409.893  543.631  366.478
105.965  95.4919  53.3849  100.202
591.066  369.525  573.741  324.866
248.524  197.023  264.895  187.846
160.815  120.696  114.212  122.859
197.879  276.465  231.903  271.272
313.561  324.03  341.622  307.336
124.705  145.898  80.5924  152.067
114.539  247.377  143.412  250.415
354.816  331.056  376.458  310.519
215.988  297.124  250.011  290.322
226.904  210.707  245.924  203.396
186.512  322.405  219.433  319.591
216.514  347.717  252.178  341.273
196.356  271.218  230.562  266.002
147.862  99.3485  100.096  101.189
567.535  248.931  541.262  214.338
124.644  162.034  82.5155  168.997
205.246  207.197  225.829  201.608
210.07  360.852  243.747  355.778
208.076  207.042  227.605  201.263
590.815  370.37  573.702  325.682
121.075  80.7142  68.0941  83.4541
169.361  378.286  202.032  378.684
175.226  336.597  208.601  335.329
194.624  342.452  228.119  338.996
540.739  349.909  523.741  312.762
147.131  81.3222  95.2145  82.3278
176.734  323.358  209.586  321.711
118.163  150.516  74.648  157.446
214.481  290.063  248.93  283.221
592.411  369.754  575.395  324.782
114.965  84.8846  62.0901  88.216
494.898  360.881  483.639  328.053
243.633  57.3565  173.567  52.7829
112.654  121.804  63.8634  127.604
106.17  105.1  55.0406  110.345
180.869  219.257  205.983  215.632
213.251  314.056  247.631  307.836
479.922  364.062  469.575  333.001
161.978  136.438  118.229  139.127
214.93  216.677  233.871  210.584
184.318  270.754  217.467  266.905
225.095  212.036  244.748  204.801
388.636  172.016  405.124  150.583
285.91  40.9174  313.897  24.9582
110.85  147.231  65.4276  154.715
195.481  345.118  229.491  341.533
263.178  349.152  295.88  337.564
161.362  121.768  114.958  124.015
145.957  100.204  97.4391  102.334
137.208  112.287  89.9392  115.561
507.101  233.523  497.115  203.388
543.962  379.155  533.603  339.043
169.505  299.064  202.865  297.575
65.4085  282.484  67.455  296.147
207.525  205.4  225.65  199.782
159.307  230.378  186.454  228.849
212.623  220.921  235.073  214.79
216.476  333.858  249.721  327.615
132.212  149.79  88.6381  155.643
203.261  339.692  237.781  335.024
174.809  303.104  208.52  300.932
367.698  393.288  392.527  369.586
160.106  91.8398  108.14  92.8637
194.406  210.833  216.466  206.007
140.077  101.14  92.2215  103.51
110.179  158.066  66.2062  166.051
216.722  297.784  250.761  290.849
183.225  277.704  216.908  274.192
134.34  103.717  86.3238  106.824
570.239  250.192  543.585  215.259
134.306  89.9129  85.7069  92.1257
138.747  107.042  90.7903  109.9
242.648  277.778  271.574  268.576
145.226  114.111  97.8574  116.94
175.715  287.7  208.98  285.298
150.008  113.512  102.09  116.217
565.049  326.193  548.072  287.103
546.435  350.46  528.236  312.642
187.58  313.285  220.539  310.032
169.366  305.484  202.616  304.029
393.25  287.349  415.565  263.019
196.657  272.543  230.461  267.509
397.887  290.822  411.107  267.192
174.323  287.49  207.583  285.237
165.917  364.543  198.944  365.139
252.342  298.563  286.428  287.69
166.345  142.338  123.366  145.119
173.842  177.978  150.58  179.528
215.778  294.286  250.68  287.241
222.203  235.745  251.829  228.045
172.279  138.219  128.684  140.396
213.478  353.251  246.725  347.807
547.651  350.725  530.049  312.617
156.681  99.7939  108.934  101.162
184.605  348.903  217.154  346.995
253.939  261.896  285.102  250.979
568.699  249.973  541.463  215.28
130.906  117.75  84.8051  121.875
118.397  412.801  134.066  424.12
208.389  204.61  227.192  198.76
206.2  279.42  239.799  273.571
145.631  114.01  98.0093  116.81
191.405  291.136  223.424  287.353
200.838  315.308  235.406  310.312
503.502  360.688  489.98  327.34
394.883  48.9202  400.092  28.7157
387.487  324.501  407.942  300.464
549.156  218.99  522.683  187.337
493.791  358.254  482.267  325.877
254.827  201.491  270.498  192.063
509.901  219.701  499.536  189.826
163.043  129.697  118.102  132.208
395.719  292.167  411.061  268.629
177.617  230.48  205.755  226.891
492.424  257.061  483.25  227.677
500.5  363.326  490.164  329.688
149.35  260.5  180.886  260.348
481.195  363.873  471.017  332.695
223.282  218.975  245.138  211.945
171.712  385.133  205.964  384.992
76.7607  281.287  79.6847  293.774
255.544  275.625  289.749  264.176
512.366  238.787  502.168  208.048
517.371  235.273  506.265  204.013
230.795  197.016  243.151  190.08
557.461  220.391  530.298  187.951
414.568  167.242  419.089  144.956
188.74  301.755  223.256  298.106
173.733  288.243  206.703  286.155
178.726  298.633  212.195  296.182
499.857  362.533  488.998  329.116
251.403  207.466  267.784  198.105
150.767  244.528  183.031  243.342
375.676  193.437  392.855  172.942
145.469  86.2656  94.1865  87.5569
361.025  432.549  385.738  409.067
216.89  283.227  251.691  276.151
139.205  85.401  89.4219  87.1601
157.399  289.952  189.756  289.472
499.429  235.018  491.281  205.426
178.129  304.34  211.006  302.193
584.575  255.389  557.4  218.729
151.277  154.502  112.345  158.434
210.477  290.707  244.47  284.577
177.1  323.052  209.913  321.469
581.564  351.588  565.138  308.807
205.798  346.45  242.258  341.01
168.149  221.36  193.931  218.98
187.377  213.694  210.526  209.371
209.234  319.681  243.693  314.091
159.675  89.8199  112.042  90.084
254.071  264.884  288.182  253.795
159.383  231.035  186.378  229.625
236.345  203.412  249.626  196.034
473.979  238.729  463.67  211.95
361.373  328.378  382.523  306.998
484.902  356.485  474.365  325.165
66.5304  281.77  67.6941  295.322
182.08  278  215.641  274.708
149.41  261.133  181.147  261
108.567  155.089  64.2684  163.271
391.874  302.692  410.432  278.59
231.087  209.718  250.408  202.152
549.942  218.414  523.317  186.677
384.552  259.7  404.919  237.148
505.606  361.948  495.242  327.744
198.215  346.976  231.214  343.384
68.0947  367.445  66.2698  386.423
125.391  155.626  82.7422  162.031
250.457  197.609  265.881  188.583
249.62  346.211  281.008  336.718
134.416  161.16  92.9144  167.087
169.278  305.467  202.358  303.969
143.846  138.129  98.2046  142.698
488.075  249.57  479.156  220.516
115.316  160.761  71.7288  168.748
173.6  329.066  206.668  328.009
219.423  298.046  252.165  290.932
197.228  273.571  231.103  268.212
526.502  348.29  508.193  313.042
202.557  279.392  236.147  273.997
255.031  48.3715  185.888  42.8169
177.622  342.874  210.285  341.364
143.968  101.441  97.1946  103.729
486.051  224.206  476.675  196.472
108.039  117.68  58.3746  123.457
167.767  361.158  200.759  361.173
133.748  88.0581  85.4659  89.8718
220.161  288.149  254.303  280.95
226.288  212.766  244.936  205.821
284.516  280.366  315.68  266.271
148.625  97.4827  101.003  99.2978
166.709  371.148  199.313  371.967
174.219  331.735  207.414  330.659
595.073  254.913  568.086  217.453
355.991  440.164  379.036  417.651
164.819  363.215  197.936  363.994
171.065  383.401  203.809  383.913
159.341  230.479  186.38  229.087
215.702  289.562  250.159  282.822
147.106  126.817  103.454  130.227
561.526  319.675  547.14  280.574
596.044  253.205  568.654  215.392
208.643  349.955  244.486  344.283
226.118  212.13  244.748  204.801
152.918  91.2938  101.865  92.7696
216.019  361.324  248.952  355.825
560.369  211.33  526.665  179.784
305.596  264.52  330.75  249.496
186.977  354.423  219.144  352.091
146.735  305.806  179.564  306.809
253.447  261.605  285.53  250.91
505.11  367.186  495.49  332.75
344.667  286.086  365.935  267.42
532.124  420.125  528.303  378.122
379.643  198.506  396.841  177.678
169.859  305.615  202.905  304.452
190.405  290.362  224.571  285.998
216.186  294.392  250.787  287.671
173.733  371.514  205.609  371.625
172.315  294.397  204.702  292.791
511.268  458.684  521.527  414.874
201.475  357.47  235.254  353.566
191.516  327.053  224.86  323.439
153.481  244.118  185.177  243.096
113.897  250.248  141.706  253.425
197.887  275.3  231.79  269.862
172.642  373.513  204.163  373.877
406.408  82.0089  414.393  60.6128
376.904  150.282  392.843  130.225
184.19  213.276  207.729  209.106
160.38  284.589  193.39  283.905
533.393  413.938  530.41  372.322
395.455  324.328  416.88  298.831
377.949  292.274  397.581  269.677
175.518  271.855  208.398  269.268
177.845  230.593  205.668  226.927
397.093  278.014  413.545  254.5
566.781  254.567  543.22  219.668
204.22  339.252  238.555  334.65
519.92  218.371  508.549  187.814
158.24  121.403  112.112  123.526
237.428  362.12  272.241  353.673
594.303  250.284  566.424  213.3
119.521  151.106  75.594  157.741
192.482  289.515  226.858  284.854
140.283  83.8393  89.4261  85.1485
212.332  283.538  246.987  277.071
586.166  257.897  559.284  220.814
196.471  342.896  231.397  338.696
214.063  288.571  247.945  282.128
195.711  270.562  229.358  265.753
486.035  353.058  475.521  321.787
169.348  305.054  202.358  303.969
584.175  255.003  557.4  218.729
355.099  194.865  372.161  176.333
598.74  230.717  568.174  194.576
208.832  337.075  243.111  331.918
261.243  374.881  296.771  362.881
189.6  354.7  223.138  352.266
369.566  339.896  390.115  317.369
487.919  357  476.572  325.519
126.721  83.5742  74.125  86.3535
136.137  114.088  90.9595  117.15
215.538  214.555  236.351  207.902
176.126  230.659  203.859  227.146
169.027  261.905  201.89  259.231
139.146  85.2581  88.7667  87.1822
385.439  235.183  403.414  212.814
501.796  230.946  492.47  201.007
591.324  370.789  574.284  326.218
147.998  106.232  100.752  108.695
142.651  12.9219  58.3999  11.9866
488.482  235.379  480.124  207.035
196.38  273.023  230.203  267.665
236.496  349.812  270.285  341.6
310.242  317.539  338.84  301.416
377.627  199.769  394.919  178.622
159.447  120.601  111.79  122.72
110.583  421.838  128.802  434.168
111.302  107.009  60.3355  111.824
111.301  248.381  144.668  251.412
174.353  316.408  207.056  314.58
187.561  339.434  220.658  336.514
166.188  293.862  200.296  292.141
101.367  438.716  122.782  452.254
159.941  176.753  135.692  179.338
175.341  290.425  208.618  288.309
156.867  138.438  113.844  141.867
109.767  158.002  65.7485  166.373
171.858  384.336  205.024  384.769
373.574  151.184  384.375  131.504
167.497  227.685  191.88  225.339
232.347  362.874  264.951  354.953
384.496  313.172  403.099  290.17
536.84  318.844  528.492  281.643
202.608  317.255  236.106  312.667
203.334  317.352  236.228  312.789
240.024  315.996  274.091  307.043
384.389  314.09  404.571  290.825
161.876  379.464  194.806  380.532
156.003  285.179  188.319  284.569
209.253  278.157  243.196  272.086
201.915  317.591  236.002  312.999
151.941  242.787  182.872  242.05
202.716  279.444  236.378  274.134
168.047  363.36  201.025  363.874
193.049  273.696  226.485  268.727
617.577  261.692  588.569  221.873
215.014  286.309  249.763  279.052
472.844  242.499  462.46  215.304
338.046  163.278  360.355  145.071
579.385  250.098  552.059  214.093
151.586  115.089  103.567  118.002
136.478  152.966  93.0585  158.31
157.354  121.329  109.92  123.581
217.628  336.584  251.183  330.566
107.215  137.756  59.9846  144.678
139.592  107.752  92.6174  110.892
114.72  119.736  65.6693  125.623
121.645  122.072  72.8923  127.613
159.941  176.753  134.366  179.471
201.496  338.078  235.081  333.369
169.747  129.142  123.995  130.803
142.536  106.574  95.3395  109.465
391.113  289.964  406.067  267.228
154.033  104.41  106.743  106.403
582.057  251.576  554.637  215.844
170.623  379.937  203.67  380.494
158.974  176.211  134.366  179.471
587.187  260.355  561.113  223.473
135.254  88.5177  87.0683  90.1358
299.601  417.113  329.783  401.495
205.543  339.668  239.965  334.982
506.283  233.943  496.022  203.535
184.721  309.396  219.482  306.501
210.219  332.549  243.869  327.349
374.48  356.533  395.641  333.579
165.76  221.288  191.28  219.333
505.874  317.214  501.746  283.033
177.352  331.952  210.61  329.987
242.405  47.0102  171.527  42.3738
98.9004  247.019  121.46  252.16
549.221  352  531.014  313.523
227.455  194.651  235.831  188.008
213.656  214.149  233.59  208.357
546.641  419.682  542.478  376.228
215.366  287.332  249.702  280.085
377.184  441.997  400.328  415.835
212.733  313.802  246.616  308.002
256.743  372.3  292.263  360.78
509.255  449.365  512.25  408.438
177.621  300.13  210.855  298.072
382.845  314.284  402.945  291.259
188.092  312.599  221.086  309.7
169.673  309.887  202.79  308.963
219.31  288.545  253.661  281.558
182.004  163.363  150.806  164.939
568.165  384.056  554.023  341.431
157.37  117.551  110.124  120.182
250.758  64.9525  182.32  59.9399
390.835  327.502  405.43  303.566
210.047  327.205  244.039  321.905
257.599  373.147  292.303  361.665
152.125  269.171  184.272  269.138
163.963  142.703  120.831  145.259
150.492  91.9715  100.319  93.0191
236.277  349.155  270.479  340.974
136.437  153.023  92.4384  158.393
205.452  281.51  239.053  276.014
210.612  326.154  244.758  320.753
162.689  172.934  136.96  175.896
173.382  289.369  206.431  286.85
351.905  257.12  372.732  237.415
407.746  82.0865  413.702  61.3687
176.372  293.097  209.689  291.006
196.994  295.945  230.547  291.646
399.444  317.277  421.37  291.951
189.118  316.86  222.665  313.152
542.888  314.6  534.635  276.763
380.32  150.05  396.713  129.795
216.722  355.933  250.821  350.227
206.602  363.036  240.764  358.654
211.435  283.006  245.361  276.862
217.596  213.825  237.558  207.691
324.947  348.678  345.74  331.363
172.614  379.548  205.87  379.861
110.397  80.1321  57.0046  83.8409
532.948  416.709  530.009  375.153
346.212  293.504  366.781  274.145
173.697  305.031  207.608  302.708
500.144  228.01  491.391  198.866
254.827  201.491  270.647  192.292
215.766  295.51  249.668  289.118
176.643  208.304  196.781  204.972
179.963  233.236  207.968  230.016
261.347  201.342  275.851  191.733
251.022  345.805  285.586  335.776
221.693  338.834  254.689  332.53
68.0493  367.964  66.2698  386.423
383.897  322.175  404.273  298.128
137.613  94.6439  89.3119  96.4831
387.563  226.832  406.153  204.907
252.633  50.3248  183.092  45.2354
239.095  350.901  273.719  342.345
179.127  364.577  211.65  363.165
218.959  286.432  253.141  279.519
195.735  352.689  229.77  349.521
196.608  272.547  229.768  267.901
505.27  232.517  494.901  202.211
554.203  215.094  526.967  183.689
390.741  145.753  405.212  124.95
115.965  161.402  72.0417  168.862
206.017  339.636  240.827  334.896
380.319  201.671  397.573  180.914
488.833  351.884  475.675  320.923
489.059  364.773  479.329  332.719
352.42  246.128  373.571  227.14
125.298  154.528  81.9423  160.734
488.504  235.362  479.972  207.167
393.199  278.925  407.667  256.296
330.719  428.156  355.378  409.293
202.39  349.894  236.396  345.892
114.191  419.874  131.989  431.861
168.036  262.157  201.315  259.391
214.422  354.874  246.555  349.034
568.716  206.616  540.111  174.319
157.95  283.885  191.361  282.752
68.007  369.153  66.3489  387.634
198.665  297.667  232.998  293.142
171.232  138.108  127.213  139.9
226.602  227.944  252.944  220.435
198.074  273.425  231.942  267.754
236.048  349.968  270.119  341.899
552.128  213.855  525.457  182.636
141.231  151.406  97.3516  156.236
122.336  122.095  73.3108  127.723
191.744  318.603  225.587  315.345
115.003  85.1436  62.0781  88.1397
374.128  293.128  393.666  270.779
171.082  318.7  204.068  317.109
215.877  361.082  250.246  355.546
218.413  343.278  251.372  337.467
157.98  217.139  180.203  215.471
346.682  140.866  360.075  122.881
223.448  205.432  237.776  199.38
374.397  411.837  396.715  387.678
295.756  47.5278  323.265  30.7986
216.866  216.265  237.094  210.28
187.283  341.265  220.639  339.063
377.899  282.264  398.126  260.375
310.918  318.962  339.661  302.889
93.892  431.849  111.979  446.113
210.693  351.099  244.317  346.216
236.242  261.648  270.177  252.656
121.796  158.01  78.9503  164.617
179.267  353.264  212.469  351.432
116.454  146.784  71.0282  153.334
161.454  121.058  114.212  122.859
518.044  229.276  507.869  198.569
354.712  429.087  379.289  406.888
237.433  364.242  270.289  356.365
114.379  159.811  70.3617  167.25
166.077  207.624  178.935  206.985
123.252  153.991  79.615  160.306
376.504  304.151  396.938  282.068
489.039  235.569  480.539  207.356
233.773  351.456  268.488  343.596
129.702  112.624  84.8626  116.674
237.575  208.315  255.138  199.765
168.337  357.535  201.331  357.142
64.8855  270.358  64.1287  283.416
377.177  341.394  397.916  317.68
157.415  266.48  189.357  265.067
189.304  287.737  222.644  283.334
551.968  212.215  525.681  181.061
210.937  307.199  245.019  301.577
584.575  255.389  557.569  219.295
120.305  155.59  76.8585  162.199
313.826  323.583  341.622  307.336
433.261  436.154  446.838  404.83
302.068  425.206  334.012  408.054
161.957  251.5  189.676  249.794
177.971  354.96  212.439  353.976
290.075  46.1798  317.514  29.726
217.508  343.706  251  337.958
216.699  351.002  250.282  345.428
137.871  107.402  91.0455  110.77
387.429  320.287  407.933  296.666
347.657  160.371  363.445  142.914
190.434  276.721  225.345  271.702
122.188  165.935  79.312  173.013
569.6  383.231  555.059  340.65
209.906  291.494  243.881  284.834
260.9  51.9941  192.286  46.5315
184.938  305.24  214.744  302.258
242.033  203.121  258.933  194.129
286.883  114.073  315.062  98.6711
393.239  150.65  408.504  129.594
170.623  379.937  203.172  380.746
180.742  211.286  202.494  208.299
141.24  98.1918  93.3923  99.8983
159.112  283.9  191.361  282.752
546.782  394.038  539.514  352.63
354.194  143.611  361.149  125.732
514.431  223.688  504.12  193.589
253.374  49.3763  184.273  44.2561
404.991  323.989  420.745  299.048
172.86  381.987  205.863  382.48
123.997  100.445  75.5407  103.485
110.677  426.641  129.414  439.24
219.281  339.178  252.756  333.191
217.258  356.501  250.44  351.027
256.436  364.474  291.108  353.951
232.496  352.529  267.255  344.874
177.984  353.218  211.031  352.485
310.296  439.058  339.345  421.163
600.254  228.3  569.318  192.411
595.394  371.747  577.184  326.049
508.183  243.593  498.174  213.461
193.374  270.017  226.218  264.827
110.397  80.1321  57.4349  82.9513
203.278  341.214  237.593  337.018
581.208  251.506  553.55  215.103
220.931  348.842  255.084  342.667
158.598  175.613  133.337  179.136
184.467  295.943  218.668  292.056
207.621  307.753  241.741  302.551
359.035  433.377  383.986  410.472
129.025  105.13  81.7155  109.022
210.137  361.707  244.423  356.99
236.791  349.3  271.012  341.206
559.568  221.482  532.855  189.36
189.028  344.556  222.752  342.226
215.76  342.713  249.907  337.095
136.165  105.587  87.8867  108.142
217.556  321.747  251.546  315.664
195.625  273.668  229.547  268.145
373.697  295.77  394.317  274.171
520.33  210.315  507.363  180.478
134.416  161.16  94.0393  166.618
214.874  274.149  247.875  266.764
180.852  282.921  214.05  280.287
192.469  289.567  226.147  285.771
101.822  107.16  50.8721  112.37
547.759  373.427  536.303  333.741
170.564  379.892  203.172  380.746
237.619  363.089  272.432  354.913
110.575  104.477  59.5323  108.912
212.53  344.208  246.69  339.01
187.936  287.036  222.157  283.594
117.072  156.391  73.5223  163.239
374.187  274.931  393.552  252.734
360.16  432.59  384.655  409.667
110.019  248.016  143.071  251.461
299.469  387.788  330.432  372.46
160.857  271.4  192.932  270.734
170.161  384.649  202.872  385.645
120.976  166.101  78.1137  173.212
294.468  47.8985  321.896  32.1971
199.331  286.447  233.47  281.796
169.841  382.686  202.29  383.733
138.766  145.986  95.1756  151.559
110.657  107.457  59.9092  112.061
175.726  289.631  208.985  287.722
182.477  280.34  215.92  277.46
116.97  156.925  73.2838  163.818
181.663  223.926  208.886  219.48
139.908  101.331  91.5822  103.314
212.317  312.673  246.539  307.057
194.363  288.781  228.134  284.784
110.678  147.802  65.4276  154.715
544.578  350.284  525.309  313.557
191.886  326.144  226.1  323.094
111.92  147.526  66.7902  154.312
214.626  286.78  248.871  279.397
497.582  245.382  490.406  215.929
121.317  158.096  77.8323  164.698
122.02  154.752  79.0219  161.018
325.557  371.869  352.257  353.008
400.779  151.905  415.347  130.395
270.754  248.051  297.102  235.57
519.326  313.589  510.847  278.453
521.102  364.701  505.292  328.665
481.195  363.873  471.315  331.951
568.716  206.616  540.225  174.464
242.67  358.53  277.039  349.816
199.275  297.917  233.617  293.488
152.071  91.976  102.162  93.7951
217.418  355.691  250.821  350.227
539.918  418.353  535.244  375.139
235.729  360.383  269.782  352.601
180.45  353.261  213.34  352.336
207.048  269.528  240.469  262.757
507.929  243.869  498.943  212.549
313.561  324.03  342.811  306.545
386.083  331.588  406.881  307.973
570.279  206.318  541.441  174.085
152.398  115.447  104.188  118.614
313.496  323.082  343.066  306.69
485.327  225.537  475.994  198.218
136.305  95.7426  87.8183  97.569
547.11  391.497  539.956  350.243
574.855  300.621  573.773  259.353
359.154  434.499  383.212  411.812
488.382  235.609  480.373  207.524
221.495  336.604  254.964  330.414
143.345  86.5167  91.7905  87.5526
114.269  88.8767  61.4017  92.028
475.312  197.883  453.75  173.848
543.12  255.534  532.313  221.508
506.352  242.7  497.888  212.644
489.156  235.414  480.539  207.356
506.11  361.351  494.617  327.731
558.108  217.433  528.174  184.984
546.641  419.682  542.804  376.414
218.715  344.346  253.442  338.373
175.136  305.542  208.444  304.122
174.817  287.372  208.319  285.512
90.3835  409.517  104.093  425.225
239.771  205.602  256.76  197.896
207.6  318.984  241.684  314.065
187.46  360.007  221.35  358.206
229.981  335.977  263.045  328.864
119.983  149.29  75.1072  155.525
546.9  421.621  542.753  378.284
497.403  204.806  485.411  177.26
579.309  350.029  562.839  307.188
528.934  422.742  526.324  381.628
210.615  313.814  244.813  308.455
213.755  347.96  247.852  342.747
159.507  374.994  192.521  375.935
141.71  20.7962  59.6398  20.7239
115.583  158.09  71.8708  165.12
147.891  159.791  109.6  163.774
255.495  361.881  290.767  351.474
257.243  58.4126  189.107  53.5866
618.072  260.1  588.938  220.633
236.84  353.911  270.246  346.101
564.091  322.581  547.186  283.062
219.38  340.198  252.938  334.323
176.066  342.493  209.157  341.874
572.114  386.573  558.578  343.427
484.148  237.24  473.398  208.764
211.909  348.644  245.456  343.782
145.941  229.783  170.5  230.391
161.223  270.88  193.065  270.285
206.298  311.296  240.246  305.216
196.117  355.117  229.598  352.282
248.726  361.678  283.119  352.291
173.095  361.982  205.91  362.205
214.533  214.979  233.801  209.509
142.638  241.14  172.299  241.758
134.341  125.824  88.0932  129.542
479.706  365.932  469.247  335.433
364.891  188.096  381.589  169.148
204.307  340.783  238.018  336.698
83.9379  435.256  104.615  451.536
101.273  431.371  120.725  445.409
117.606  425.124  135.813  436.997
198.123  346.888  232.09  343.599
560.134  222.627  532.855  189.36
373.886  272.681  398.033  250.955
212.387  325.951  246.758  320.59
209.585  327.453  243.334  322.545
174.944  387.274  207.477  387.855
493.934  363.432  482.199  331.418
156.156  283.148  188.868  282.049
384.196  268.148  403.703  246.115
212.879  329.981  247.11  324.651
158.645  230.827  187.548  229.698
570.145  206.373  541.402  174.217
121.645  122.072  72.4252  128.006
123.021  121.517  76.9873  125.686
395.029  154.726  410.821  133.604
153.011  242.389  182.872  242.05
260.722  51.9254  192.161  46.6522
528.62  329.617  506.613  296.319
188.119  359.902  221.35  358.206
219.358  338.986  252.961  333.14
372.182  357.856  393.49  335.475
143.754  273.093  175.032  273.176
205.024  285.352  238.419  279.002
211.84  359.659  245.697  354.944
248.447  50.2463  177.466  45.7915
213.29  326.339  248.4  320.777
494.488  354.665  483.066  321.523
370.851  383.224  392.732  360.447
389.977  162.416  406.387  141.573
494.018  357.383  482.661  325.521
404.721  82.9889  413.971  62.4544
546.233  419.353  542.251  376.274
383.09  286.878  402.724  264.684
546.233  419.353  542.478  376.228
94.9014  435.675  117.75  450.091
164.178  131.501  118.716  133.315
190.156  268.617  220.257  263.97
160.101  230.382  187.445  229.347
524.229  302.591  513.893  267.5
151.947  259.555  183.874  258.255
610.666  222.793  579.876  186.272
590.222  230.638  559.494  195.824
203.976  297.192  237.893  292.422
238.609  344.784  272.156  336.732
189.004  310.516  221.863  307.836
119.482  150.892  76.901  156.92
362.634  189.383  380.325  170.552
154.242  260.327  186.008  258.838
208.789  319.491  242.714  314.565
613.154  229.141  582.603  192.035
124.723  92.2725  74.5042  94.6529
570.942  305.854  571.258  264.653
198.609  332.202  231.286  327.508
515.536  242.594  505.741  211.899
562.641  221.954  536.079  189.675
569.42  385.107  555.551  342.556
345.377  144.426  364.74  126.957
488.382  235.609  479.838  207.724
224.425  380.215  258.656  374.12
379.319  203.299  396.459  182.943
115.845  158.339  72.0393  165.275
386.449  246.207  404.528  224.528
243.175  387.335  280.636  378.272
252.266  44.2597  182.846  39.1761
562.05  217.737  535.243  185.725
140.11  94.812  92.1303  96.146
148.843  261.762  180.62  262.241
613.201  224.113  582.027  187.36
245.562  344.999  279.959  335.99
325.358  311.376  353.49  292.648
370.519  153.658  384.931  133.356
214.819  347.865  248.664  342.685
380.441  242.104  398.65  221.08
186.299  342.78  219.793  340.987
383.559  276.486  402.811  254.508
179.854  282.558  213.108  280.214
623.287  364.069  598.39  317.567
161.871  366.82  193.658  367.375
315.81  204.686  341.072  187.653
248.637  50.2862  178.794  45.7849
141.662  21.4499  58.6005  20.2109
145.399  231.817  171.529  232.435
242.742  353.687  277.993  343.492
151.09  124.213  105.847  126.436
172.494  378.036  205.027  378.826
336.059  139.116  356.7  122.25
393.003  180.182  409.136  158.995
104.543  105.522  53.4569  110.236
81.2507  301.444  82.4189  313.981
222.081  349.517  256.093  343.47
372.688  391.212  394.292  368.158
221.329  336.097  254.9  330.058
120.553  159.105  77.0696  165.66
207.952  360.722  240.978  355.256
216.722  355.933  250.171  350.719
103.666  421.362  119.984  433.961
249.553  347.87  283.067  338.582
569.517  205.766  541.457  173.688
223.067  349.864  257.268  343.68
573.492  205.793  531.694  173.766
107.951  409.639  122.837  422.995
612.764  221.74  580.867  185.288
220.237  339.232  253.778  333.387
203.335  279.168  237.09  274.227
85.2223  419.27  101.303  435.764
245.04  262.285  279.825  252.592
221.41  350.646  255.25  344.748
211.542  316.132  245.855  310.845
169.888  312.49  203.17  310.49
560.858  224.528  534.389  192.384
507.808  243.095  499.17  213.076
174.05  308.006  207.763  305.358
486.035  353.058  475.55  322.297
225.285  363.299  259.288  357.039
184.68  347.652  217.985  346.229
524.703  249.159  512.146  216.255
487.059  238.531  478.323  210.796
172.394  373.463  204.842  374.227
207.332  309.783  241.219  304.953
249.905  348.16  283.874  338.782
201.675  350.459  235.983  346.876
257.59  372.036  292.303  361.665
240.368  376.901  273.538  369.026
183.382  347.357  217.02  346.038
110.982  425.739  129.719  438.559
383.163  287.417  402.83  265.309
194.521  196.914  206.812  193.805
350.965  439.264  375.903  417.683
211.258  343.744  244.754  339.069
112.485  402.776  125.885  415.61
232.022  352.261  267.255  344.874
155.594  285.663  187.637  284.661
160.821  278.472  192.394  276.782
137.711  100.061  89.3246  101.868
362.157  435.637  386.928  412.57
561.49  223.113  534.798  191.023
239.511  349.812  273.692  341.688
256.496  43.2368  186.125  38.0324
159.352  273.063  191.126  272.907
209.549  318.196  244.077  313.173
595.073  254.913  567.777  218.098
219.202  337.702  252.932  331.974
391.105  150.246  406.67  129.657
100.879  431.512  121.19  445.606
229.449  353.022  263.168  346.241
173.376  384.333  207.337  384.949
192.775  274.204  226.485  268.727
206.231  363.011  239.518  359.278
163.189  369.1  193.419  371.354
192.303  330.457  226.197  327.749
366.254  276.588  386.703  256.39
194.793  289.523  228.703  285.735
142.079  98.5403  94.8855  101.427
207.017  265.443  239.262  258.523
187.143  342.049  220.249  340.317
596.173  230.792  565.601  195.482
278.897  250.071  310.108  235.806
122.336  122.095  72.514  128.215
521.039  377.167  506.058  340.22
166.237  368.8  197.754  370.453
310.354  316.975  338.84  301.416
256.436  364.474  290.459  352.761
96.2074  428.439  114.383  443.497
114.383  90.3849  61.4354  93.4084
223.728  336.111  257.246  329.893
367.915  297.732  390.42  275.12
386.122  319.968  406.395  296.915
569.265  229.227  542.748  196.132
154.699  171.208  126.929  173.809
130.563  136.118  83.7841  140.656
613.618  228.353  582.735  191.432
84.5263  437.723  106.562  453.949
119.583  259.493  148.68  261.688
170.151  316.261  203.415  314.25
147.468  89.1432  98.6442  91.2282
393.807  150.264  408.504  129.594
584.175  255.003  556.723  219.424
134.319  99.5118  85.7034  101.474
569.261  206.134  540.111  174.319
390.248  286.176  404.378  264.262
615.356  222.601  583.822  185.89
394.112  168.508  410.476  147.44
162.231  273.243  194.31  272.802
548.205  245.068  525.385  213.004
394.254  150.483  409.7  129.703
200.083  335.857  233.693  332.43
164.776  343.251  197.375  344.311
68.0493  367.964  66.3489  387.634
188.658  222.571  212.081  219.351
517.101  241.611  507.185  210.97
246.406  373.404  280.074  364.734
166.835  360.177  199.672  361.355
117.272  144.315  72.3232  150.155
571.599  383.745  559.031  340.879
210.198  361.758  244.492  357.392
214.842  361.26  247.322  356.645
484.71  355.356  474.168  323.079
223.038  336.669  256.645  330.561
195.801  352.891  228.877  350.369
239.031  362.097  273.386  354.166
211.84  359.659  246.646  354.98
207.103  310.04  240.6  305.408
81.8093  303.266  82.869  315.716
176.03  141.379  134.049  142.307
171.279  366.596  203.632  367.474
111.456  107.332  60.3263  111.584
152.491  107.576  105.797  108.647
615.483  223.168  584.052  186.434
624.037  82.2531  542.425  56.2109
250.886  348.249  284.683  338.892
528.158  425.212  525.769  384.333
107.86  114.606  58.9593  121.142
572.523  383.659  556.725  339.557
391.088  154.777  407.111  134.177
389.395  150.396  405.671  129.944
553.278  214.617  526.967  183.689
109.729  81.3033  57.0046  83.8409
220.725  337.993  254.267  332.214
158.794  379.007  191.558  379.881
110.464  426.071  128.551  439.222
186.371  337.777  218.818  334.451
521.483  237.793  510.763  206.995
196.427  338.829  228.676  334.372
137.498  94.3638  89.8651  95.6052
205.83  351.822  240.809  345.966
253.323  346.21  287.459  336.527
196.543  360.161  229.841  357.688
389.901  156.244  405.849  135.774
515.482  307.241  512.976  273.265
137.414  100.254  88.7751  101.988
549.728  342.946  535.883  305.264
100.081  412.493  115.523  427.061
368.95  234.661  387.689  215.004
340.806  203.098  361.636  184.168
204.865  295.6  238.885  289.083
389.234  194.515  405.923  173.636
490.297  361.751  479.009  328.609
255.8  343.749  289.89  333.78
217.418  355.691  250.171  350.719
320.395  436.681  354.251  415.935
231.408  371.085  264.926  364.404
245.052  56.4885  177.341  52.5606
250.872  347.625  284.894  338.292
494.018  357.383  482.267  325.877
213.233  289.477  247.989  281.815
375.323  248.637  390.933  228.677
168.207  298.263  201.879  297.724
226.468  379.861  259.656  373.951
144.471  89.045  97.166  91.2807
68.8911  367.95  67.3701  385.682
195.933  353.371  229.248  350.889
217.034  329.947  251.773  324.355
217.31  272.728  251.055  264.504
389.3  161.428  405.466  140.976
151.385  108.002  105.337  109.018
194.754  273.848  228.699  269.884
369.403  210.266  386.472  191.05
313.496  323.082  341.622  307.336
308.622  170.423  331.857  153.909
405.388  323.463  420.745  299.048
368.551  395.272  390.488  372.88
258.202  381.981  291.903  371.954
248.677  353.531  283.718  344.352
120.359  418.276  137.821  430.047
195.154  347.684  228.005  345.31
580.62  238.433  553.175  204.096
569.312  388.338  557.354  345.556
326.532  394.149  354.926  374.158
201.047  306.078  234.96  302.111
138.618  427.437  169.418  432.404
397.643  335.461  417.807  308.913
569.261  206.134  540.225  174.464
554.641  374.114  542.263  334.137
261.55  29.399  191.463  23.3774
372.178  370.842  393.756  348.525
362.012  432.694  385.999  410.088
492.705  238.209  484.24  210.111
517.52  215.65  506.271  186.168
104.296  423.511  121.343  437.715
315.447  323.945  343.119  308.085
335.304  255.122  348.786  239.607
257.659  379.979  291.617  370.005
120.277  418.47  137.633  430.315
389.86  171.167  405.817  150.659
172.642  373.513  205.12  374.498
112.741  100.48  61.8412  105.988
169.705  318.671  202.37  316.678
183.487  373.43  216.969  372.876
167.016  91.9508  116.05  93.3759
211.776  274.672  246.072  266.907
211.247  345.291  244.707  340.889
80.0357  443.399  101.109  460.857
432.198  442.832  445.536  412.076
161.721  90.961  110.765  92.666
562.28  227.462  536.11  195.297
422.321  149.274  436.295  124.542
174.625  336.756  207.9  336.575
173.767  369.908  206.138  370.713
170.187  367.057  202.614  368.234
249.878  39.771  179.741  34.9704
113.906  128.352  65.7447  135.554
200.051  297.311  234.73  293.215
320.567  428.355  347.137  411.182
183.658  212.272  205.677  209.587
255.208  41.7064  184.927  36.7382
567.798  205.127  540.053  173.503
247.974  37.3661  177.613  32.5586
505.868  210.546  493.662  182.525
387.118  319.016  407.349  296.099
532.978  413.691  529.909  372.996
174.112  370.029  206.298  370.846
195.813  347.3  229.113  344.835
485.741  356.345  477.042  323.367
486.221  352.204  475.521  321.787
185.219  339.8  219.251  338.329
158.616  293.788  191.408  294.419
489.335  243.99  481.857  215.981
494.617  362.766  482.79  331.131
488.952  244.149  481.637  216.154
174.601  317.833  209.407  316.993
395.027  326.73  417.079  302.417
229.118  377.494  262.675  371.277
118.192  142.55  72.0338  148.126
582.057  251.576  554.481  216.625
89.2929  422.681  105.893  439.001
183.893  374.092  217.629  373.507
99.9109  443.979  125.429  457.877
392.965  173.514  408.909  152.778
238.846  357.414  274.433  349.475
162.298  92.1889  111.518  93.9814
420.572  313.647  437.48  287.519
147.962  240.031  175.679  238.663
103.348  432.303  122.737  446.581
355.862  428.326  379.289  406.888
195.801  352.891  229.044  350.586
383.413  277.199  402.719  255.612
113.358  444.597  139.496  456.567
206.239  335.861  239.634  332.012
189.011  343.178  223.589  339.054
392.682  277.929  407.912  255.976
188.535  324.177  221.807  322.2
334.989  159.873  360.222  142.969
194.112  336.131  227.874  333.654
387.768  233.582  406.422  212.278
406.486  80.9542  418.565  60.4953
256.467  341.89  290.956  331.955
374.813  387.323  396.484  364.451
102.51  105.2  51.359  109.632
194.379  297.956  227.3  294.861
162.575  284.418  193.687  282.443
175.127  318.029  208.192  317.493
180.504  278.631  216.048  273.922
198.869  351.46  234.111  346.161
108.737  156.364  62.4118  163.573
110.213  419.539  128.74  432.651
96.8369  428.089  114.383  443.497
210.847  372.817  244.929  368.839
108.945  276.179  136.587  282.316
258.759  339.449  293.283  329.251
184.776  367.08  218.078  366.414
259.011  381.519  293.118  371.487
162.199  92.4362  111.374  94.317
192.898  326.746  226.052  322.064
376.134  340.232  396.63  318.313
105.171  430.764  124.379  444.834
612.598  231.834  581.655  195.192
220.595  361.823  254.336  356.583
165.801  366.731  198.608  368.502
151.736  109.663  102.751  113.182
200.005  369.241  235.323  366.375
540.602  256.12  529.263  223.021
351.633  440.034  376.275  418.811
89.2929  422.681  105.731  439.143
258.407  344.588  292.669  334.53
417.534  156.687  427.773  134.894
129.75  127.607  83.8004  131.178
252.575  371.595  286.949  362.344
124.353  126.311  78.2045  130.194
404.007  304.484  423.652  280.129
173.767  369.908  206.298  370.846
164.185  92.0112  113.404  93.783
320.297  404.605  350.393  384.778
227.437  368.682  261.538  362.642
196.834  351.806  229.77  349.521
123.815  147.673  78.2386  155.383
163.32  291.124  196.582  291.261
487.661  236.504  478.932  209.221
199.746  298.2  234.532  294.314
300.783  304.855  330.737  290.583
162.217  259.692  195.179  256.659
217.88  294.161  251.557  288.412
377.398  298.78  394.655  277.995
386.944  273.748  405.945  252.001
187.591  341.348  220.5  339.997
113.839  91.2077  61.037  93.9055
161.364  92.5169  110.51  94.5415
108.856  79.7578  53.6347  84.5721
259.687  380.627  293.602  370.635
251.416  353.605  286.72  344.314
177.267  140.149  134.703  143.085
117.723  438.945  139.18  451.233
255.181  361.246  290.767  351.474
287.204  364.888  314.403  352.657
186.474  301.156  221.018  296.342
562.484  337.415  546.104  299.181
131.261  78.2584  72.2365  81.9772
253.126  52.562  183.128  48.4883
214.42  315.415  248.759  310.308
543.789  381.837  534.486  342.632
241.274  51.5114  171.201  48.0594
133.264  384.816  164.133  389.017
346.413  157.408  362.108  138.336
329.36  281.899  350.003  263.534
259.051  379.195  292.932  369.329
169.862  309.596  201.739  309.801
225.419  336.684  259.172  330.706
162.199  92.4362  110.51  94.5415
259.332  345.212  294.108  335.067
536.859  424.142  535.847  382.195
155.086  259.482  188.051  259.679
255.069  371.03  289.452  361.572
389.6  149.798  406.67  129.657
408.753  79.4903  409.529  57.5826
542.696  329.339  526.102  291.396
114.745  383.308  150.6  391.459
134.127  421.126  165.466  426.105
615.932  232.462  585.202  195.569
196.612  275.322  230.333  268.953
383.651  292.901  406.547  270.667
591.381  370.925  573.741  324.866
185.988  363.951  219.228  363.257
120.997  102.654  72.5757  105.206
327.617  170.183  341.467  152.878
172.892  383.548  209.386  384.272
416.764  314.913  435.333  289.161
506.58  212.602  494.961  184.658
186.03  339.538  219.554  338.342
603.617  265.54  575.838  225.222
214.217  360.748  248.304  356.417
161.429  92.4852  111.021  94.5828
373.733  310.256  393.581  289.427
591.558  254.134  565.629  215.368
526.677  401.119  521.833  362.582
371.884  311.691  391.872  291.036
207.698  320.545  242.512  316.306
210.612  326.154  244.039  321.905
374.014  341.802  394.436  320.353
215.5  283.135  250.369  277.432
193.834  347.312  227.671  345.319
205.344  369.395  238.438  366.482
334.056  435.993  358.914  417.512
185.015  341.339  218.558  340.343
514.397  256.483  505.509  223.222
612.759  214.092  582.498  178.416
262.908  383.126  298.435  369.766
608.239  223.588  574.784  185.589
378.768  263.237  397.854  242.683
543.136  417.899  538.245  373.434
169.195  89.288  117.904  90.8237
254.061  276.151  288.634  266.35
253.152  262.453  288.829  252.465
196.275  346.776  229.006  344.724
140.157  239.803  160.909  239.837
259.332  345.212  294.185  335.191
259.861  238.542  284.086  226.47
137.162  236.594  162.19  236.177
83.3564  440.445  104.245  457.783
164.352  92.1482  114.029  94.1104
185.247  365.076  218.449  364.628
163.25  296.357  194.266  294.34
239.159  280.621  272.979  269.697
562.475  342.077  545.482  303.931
95.7143  427.591  112.941  443.517
302.545  319.501  330.347  302.664
515.403  453.34  519.042  409.335
536.18  419.74  533.721  378.594
120.179  130.341  73.659  134.542
535.125  367.879  517.078  329.35
380.638  200.535  397.573  180.914
393.967  331.375  414.389  307.819
313.482  324.963  345.403  306.081
382.449  343.763  403.019  321.357
537.328  324.693  526.693  289.385
166.287  285.122  195.569  282.67
165.711  366.383  198.608  368.502
195.858  329.389  228.25  324.163
334.551  373.874  361.39  352.82
108.856  79.7578  54.6406  84.7748
159.822  91.8526  108.906  94.2429
387.465  233.14  405.543  212.379
375.84  250.634  393.959  230.825
189.931  275.332  224.764  269.256
122.894  133.218  76.2351  137.378
147.776  90.2757  98.3904  93.19
515.504  401.208  512.183  364.13
243.146  345.495  272.088  335.453
124.179  127.38  78.4544  130.912
542.144  413.763  537.335  372.651
184.145  305.84  217.205  304.484
260.96  380.664  295.116  370.818
260.755  380.453  294.583  370.704
259.328  344.899  294.108  335.067
133.754  231.717  156.948  231.512
164.528  298.766  197.167  299.479
165.632  364.475  198.519  366.656
259.53  376.931  291.901  367.616
337.159  157.179  354.442  138.326
484.55  227.225  474.862  201.051
187.946  275.339  218.846  273.261
166.883  307.442  202.836  307.603
158.167  369.959  190.84  373.249
379.849  249.913  397.369  226.609
258.32  376.792  291.559  367.492
221.428  225.575  247.831  219.756
147.892  89.0542  98.5615  91.9868
166.715  288.03  195.975  288.811
123.719  149.339  80.4169  154.026
370.665  394.754  392.516  372.827
152.618  271.277  185.405  269.122
582.873  250.879  554.481  216.625
171.082  318.7  203.007  315.988
153.418  102.857  105.714  106.227
512.565  257.963  507.655  227.341
216.809  379.399  254.31  374.688
255.822  377.19  287.719  368.547
176.82  343.283  209.309  340.342
152.954  271.331  186.188  269.027
259.328  344.899  294.185  335.191
296.646  304.283  327.046  290.933
193.775  334.929  227.408  333.129
207.769  359.377  241.641  356.256
509.806  236.297  502.199  207.146
553.44  369.297  539.971  330.694
567.344  333.823  551.171  292.068
161.536  296.954  194.203  298.106
161.647  301.122  194.55  302.35
377.302  198.1  394.245  179.104
302.174  205.354  330.113  188.13
210.236  310.743  241.867  303.396
152.398  110.554  102.551  114.818
154.02  268.712  187.599  266.082
165.801  366.731  198.713  369.156
236.674  338.721  264.693  329.296
536.7  423.919  535.726  382.549
217.979  334.122  249.704  326.195
585.776  247.418  556.544  213.295
153.845  275.905  186.025  273.683
188.814  362.576  220.727  362.309
81.0127  285.718  82.2959  296.222
367.068  181.465  384.338  163.581
343.772  290.669  365.634  269.816
515.479  314.868  510.508  282.047
261.982  346.167  290.794  333.504
189.729  350.633  222.516  349.961
260.746  363.924  295.187  354.396
376.102  368.112  397.4  346.375
327.245  277.617  347.367  258.871
518.125  420.415  514.243  378.62
370.195  299.056  389.097  279.583
331.372  158.317  353.258  142.995
111.778  92.6206  58.6457  94.8167
561.949  340.959  545.263  303.439
159.4  90.7157  109.291  93.4507
192.447  281.375  230.047  278.296
545.95  358.383  525.253  318.803
384.65  390.002  406.499  366.648
462.876  217.574  456.429  189.631
198.093  355.502  229.746  354.218
268.701  183.657  296.319  168.998
159.228  263.091  196.983  258.881
160.503  85.5174  110.91  87.8702
463.039  357.119  459.1  329.311
187.195  334.82  220.391  334.224
188.894  347.04  222.487  346.427
370.315  383.954  392.979  358.277
616.823  97.0766  537.26  72.1946
567.153  348.998  549.561  310.728
96.7991  128.499  49.05  137.998
489.577  355.592  477.697  325.974
538.077  372.561  534.124  334.459
160.016  286.995  191.057  288.701
386.057  330.606  402.828  304.943
373.321  314.869  397.564  294.115
91.8251  402.566  103.093  419.896
310.731  434.786  351.642  417.16
497.335  230.532  489.451  198.873
334.056  435.993  360.237  418.108
309.409  167.015  334.129  153.431
155.429  373.105  185.172  373.439
154.089  102.005  106.114  105.847
128.166  235.589  156.04  234.656
