1196
419.573  229.802  406.243  270.899
382.198  79.8043  346.258  109.552
538.863  124.073  497.985  141.65
580.065  390.632  579.215  413.521
289.065  275.963  288.973  355.931
537.494  144.467  498.169  162.365
549.013  172.7  512.389  190.235
558.898  112.543  517.593  129.049
561.891  136.377  522.394  152.892
416.339  221.284  400.928  261.617
503.246  229.28  493.263  261.008
185.136  109.382  133.31  168.013
588.097  168.799  546.686  182.335
470.303  190.839  443.958  218.955
501.839  157.414  465.284  178.661
414.566  208.661  395.805  247.309
388.896  30.6131  352.993  56.1826
557.944  162.991  520.509  179.879
544.875  151.659  506.227  169.204
501.483  158.955  464.819  180.202
559.514  180.285  523.941  197.276
566.915  109.645  524.671  125.516
547.645  137.495  507.983  154.778
509.769  235.303  502.093  267.344
388.743  18.6768  352.794  43.258
512.433  202.636  494.404  229.984
260.065  114.876  218.042  162.03
561.57  183.303  525.303  199.813
318.125  146.549  293.076  194.142
407.842  111.209  370.025  139.462
383.86  72.6584  348.941  102.125
567.8  169.466  530.442  185.602
383.066  243.067  374.145  293.04
463.493  200.63  443.568  232.291
549.852  156.428  511.373  173.636
537.665  108.24  496.438  125.943
445.116  250.102  446.304  295.186
303.458  157.852  277.494  208.727
549.829  156.645  511.402  173.81
395.878  28.8773  360.325  53.9053
561.119  152.06  522.594  168.651
451.475  219.815  436.527  255.499
549.816  156.458  511.387  173.694
565.615  153.424  527.157  169.665
561.667  137.38  522.412  153.927
459.07  163.181  429.698  190.924
547.943  172.048  511.129  189.643
485.843  216.68  469.614  247.522
428.676  223.143  414.243  262.161
513.376  200.906  495.15  228.022
573.675  141.494  534.005  157.154
510.817  190.856  487.366  216.223
428.676  223.143  415.603  262.825
545.616  136.482  506.226  154.019
493.706  166.119  456.898  187.926
363.569  62.2377  322.482  90.8833
549.467  147.368  510.484  164.626
561.565  116.468  520.696  132.867
562.515  162.345  524.81  178.808
569.745  109.962  527.928  125.877
552.187  184.481  518.036  202.366
247.517  28.9468  191.56  61.8161
327.825  85.5472  288.697  120.567
492.102  223.023  479.162  254.624
174.624  90.9768  121.617  148.949
544.588  164.99  506.144  182.292
565.626  153.062  527.171  169.409
384.82  73.0987  349.972  102.451
386.064  79.3364  352.93  109.551
498.352  215.962  483.213  245.881
389.585  246.918  383.676  297.412
574.383  142.896  534.17  158.293
277.682  34.9508  233.569  68.7146
570.052  164.859  532.731  180.905
423.765  158.743  399.432  192.31
406.458  226.926  392.829  269.76
246.72  267.575  233.87  351.197
421.632  249.33  418.159  295.77
591.393  411.952  598.17  436.724
441.997  221.922  428.765  259.752
380.949  264.577  381.632  321.354
560.027  152.064  521.641  168.662
555.268  384.747  553.1  410.266
277.569  159.205  248.619  214.013
563.032  141.806  524.005  158.229
500.465  161.107  463.944  182.535
529.906  148.167  489.467  166.202
556.269  143.196  517.264  160.142
378.675  259.251  378.377  315.696
531.419  155.798  492.653  174.033
549.094  84.8541  501.635  100.344
289.461  265.379  288.767  344.054
559.381  179.889  523.978  196.895
284.504  26.3155  240.782  58.3941
359.168  50.3184  317.673  78.3405
369.984  82.656  332.239  113.095
559.048  179.841  523.53  196.822
436.827  172.413  410.26  203.942
285.017  278.777  284.397  359.945
446.761  203.835  424.102  236.408
542.355  150.654  504.254  168.466
449.639  224.926  437.583  262.356
570.087  115.282  528.685  131.256
521.674  150.549  481.881  169.354
460.482  210.53  441.986  243.412
505.41  219.237  490.523  248.673
588.91  412.454  594.296  436.533
468.43  188.914  438.349  215.74
486.021  207.317  468.51  237.483
376.356  237.633  363.066  286.074
535.671  114.136  494.052  131.87
553.839  144.922  514.994  161.846
313.465  100.778  279.658  141.259
449.834  215.057  434.226  250.658
448.108  193.645  421.442  223.952
520.979  169.386  484.189  189.067
538.277  107.862  496.575  125.482
494.315  166.326  456.898  187.926
588.83  168.859  547.364  182.45
478.53  122.579  438.549  144.27
541.659  139.516  502.4  157.369
503.816  175.106  468.2  196.273
509.076  225.781  498.611  256.514
525.405  390.77  529.039  423.887
396.587  11.9591  360.268  35.5115
310.768  275.625  311.53  349.938
527.781  113.037  485.707  131.103
336.055  237.819  319.512  292.352
426.896  221.885  409.969  259.814
293.469  276.659  293.778  355.771
519.675  156.715  481.575  175.946
539.092  166.36  500.063  183.725
449.142  214.293  433.907  249.888
402.337  103.307  369.956  133.558
490.316  216.855  474.264  247.457
559.381  179.889  524.31  197.233
557.175  126.889  517.406  143.606
538.097  107.817  496.37  125.46
385.704  259.982  386.446  315.716
504.172  143.931  467.095  165.029
537.77  107.501  496.01  125.155
518.283  156.072  480.338  175.458
121.202  87.4475  42.1458  145.811
542.924  166.091  504.581  183.724
470.92  190.967  444.818  218.962
536.826  108.599  494.774  125.924
569.292  109.106  527.404  125.139
510.228  167.713  472.385  187.581
536.635  107.199  495.072  124.991
485.635  150.165  448.681  172.432
384.945  80.4308  352.346  110.899
502.601  129.836  463.929  150.555
383.892  80.794  350.752  111.207
545.859  162.069  507.478  179.596
305.227  256.206  305.111  329.709
478.995  129.618  438.885  151.227
196.686  96.0534  147.585  150.914
196.11  94.6287  148.29  150.447
191.878  114.433  141.888  172.816
557.948  171.78  520.996  188.443
570.598  114.566  529.161  130.597
589.435  169.068  547.482  182.157
550.222  165.571  512.379  182.58
539.454  120.666  498.635  138.434
552.02  164.164  514.078  181.398
543.802  114.642  502.907  131.862
553.36  87.0675  505.613  102.525
521.721  169.661  484.189  189.067
577.767  167.364  539.593  182.468
559.048  179.841  523.978  196.895
381.26  259.378  380.537  314.781
538.197  108.076  496.458  125.748
530.185  206.205  513.726  232.288
310.254  263.5  310.541  336.834
460.166  197.808  435.144  227.803
340.544  237.84  323.983  291.751
468.419  190.596  438.63  217.628
514.346  238.109  507.187  269.659
362.191  63.6677  321.124  92.3261
503.404  202.596  484.138  230.116
401.815  221.251  383.525  262.542
574.517  136.05  533.728  151.669
383.443  72.3083  348.608  101.606
306.301  260.7  306.825  334.655
469.824  190.837  443.412  218.77
423.615  259.852  427.547  310.37
256.531  255.975  244.5  336.214
98.818  298.136  26.8225  394.96
496.892  226.272  482.854  257.103
575.344  82.2777  527.338  96.4851
360.469  61.9294  320.063  90.8068
443.396  222.442  428.994  259.671
503.821  202.045  483.207  228.943
538.263  164.057  499.259  181.873
456.553  221.787  443.138  257.309
531.887  149.321  492.049  167.543
580.321  372.617  573.339  393.246
520.394  155.633  482.375  174.775
512.853  365.139  502.758  393.009
388.168  252.445  384.278  304.838
284.813  260.785  284.39  340.333
551.714  87.7185  504.114  103.317
574.116  142.827  534.504  158.279
559.048  179.841  523.941  197.276
521.681  143.439  481.081  161.741
617.38  377.158  607.83  391.637
513.942  231.806  504.973  263.018
581.383  202.414  556.109  220.866
483.911  126.69  443.846  147.883
545.341  126.914  504.762  143.959
283.202  26.4399  239.816  58.4827
514.339  141.31  475.758  160.812
484.304  336.577  469.987  367.127
567.413  168.432  529.722  184.258
553.793  147.925  515.213  164.767
381.405  63.7987  352.785  95.0025
560.435  163.376  522.785  180.241
579.13  389.689  579.215  413.521
534.983  126.783  495.238  145.147
541.427  103.187  497.786  120.232
571.894  344.628  564.578  366.943
565.687  154.406  527.253  170.43
530.205  115.592  488.285  133.657
546.982  147.181  508.361  164.911
552.51  85.4245  504.66  100.974
449.92  179.816  421.782  209.506
416.195  236.997  407.147  281.253
506.491  133.298  468.352  153.998
547.221  172.861  509.248  189.78
545.217  171.111  508.765  188.755
482.857  166.677  447.583  189.697
460.166  197.808  436.7  228.04
400.629  240.108  392.257  287.398
475.219  336.134  460.095  367.593
560.605  124.666  520.909  141.14
573.35  152.585  534.548  168.066
557.124  173.238  522.083  190.516
571.372  133.925  531.888  149.719
487.948  214.872  471.522  245.693
567.304  162.475  529.832  179.02
529.509  116  487.749  134.171
555.422  158.038  517.33  175.221
515.376  162.318  477.93  182.423
574.482  401.623  577.721  427.281
535.346  123.956  494.825  142.108
366.926  54.9884  325.796  82.4729
539.784  235.143  534.522  264.71
126.849  180.871  57.2243  257.296
357.871  95.3515  320.808  128.544
461.791  198.484  439.033  228.833
404.945  242.488  396.902  288.736
289.673  279.17  289.461  359.421
283.927  26.748  239.816  58.4827
550.498  85.7272  502.992  100.95
573.943  135.319  533.939  150.773
523.11  152.173  484.275  171.363
123.182  88.457  43.2011  145.877
584.695  213.609  563.999  233.207
503.391  129.731  464.564  150.454
550.942  128.361  511.14  145.255
584.69  130.551  543.002  145.045
565.689  154.621  527.279  171.164
440.673  200.934  416.303  233.638
558.738  112.206  517.593  129.049
533.43  163.559  497.3  182.824
557.36  154.257  519.004  171.336
119.299  137.209  44.692  207.334
536.983  151.878  498.194  169.59
545.071  127.662  504.684  144.709
355.985  81.8105  316.278  113.331
195.734  111.065  146.184  168.048
458.237  147.688  426.09  174.553
303.288  154.453  276.754  204.438
574.303  142.697  534.642  158.051
501.627  215.562  486.559  245.526
523.789  142.767  482.81  160.726
539.092  166.36  500.283  184.236
168.385  80.3545  111.106  136.125
484.55  168.618  447.74  191.448
450.696  221.816  436.752  258.382
500.512  172.375  464.639  194.179
277.756  162.33  249.168  217.837
420.702  210.018  400.202  247.304
528.267  121.005  487.239  139.484
560.897  151.611  522.445  167.911
451.572  179.782  421.167  208.406
545.951  209.779  527.743  233.567
519.72  220.604  509.131  249.966
515.488  162.029  477.996  182.163
438.982  170.873  412.232  202.28
379.059  259.149  378.069  315.364
573.386  128.011  533.305  143.581
416.737  253.788  416.968  303.434
493.508  155.288  457.131  177.598
494.033  170.993  456.969  192.906
135.715  354.201  83.5209  455.271
485.774  348.322  473.423  379.528
520.584  168.995  484.189  189.067
567.716  143.98  528.628  159.819
431.84  257.023  433.311  304.182
442.312  257.743  442.048  303.013
111.097  44.824  26.5052  94.6088
295.416  275.507  295.076  353.721
511.518  198.751  492.561  225.457
375.657  220.394  358.688  266.088
563.829  110.61  521.577  126.954
540.989  103.147  497.321  120.312
597.293  324.665  595.996  348.672
557.692  127.915  517.985  144.402
302.067  273.462  302.085  349.835
370.362  239.658  359.018  290.127
501.741  208.339  484.773  236.819
168.873  105.551  116.743  167.724
471.725  186.989  443.052  213.605
235.171  21.3903  178.716  54.8771
491.717  134.047  452.578  155.573
556.376  129.336  516.831  145.918
538.083  122.937  497.168  140.909
357.229  84.1676  317.26  115.697
518.195  225.926  507.751  255.45
575.383  143.89  536.267  159.265
432.68  132.997  406.113  163.404
489.713  170.05  453.149  192.578
570.863  300.597  563.306  325.242
359.949  98.158  326.555  132.762
503.647  229.243  493.536  260.491
559.962  86.2788  511.948  101.584
490.41  134.422  451.077  155.992
356.074  83.9769  316.204  115.664
406.352  226.363  392.864  268.952
559.321  173.346  522.216  189.628
547.314  171.695  510.588  189.701
410.353  214.586  390.868  253.236
551.009  135.773  511.558  152.571
499.451  137.905  462.01  159.465
528.71  107.108  486.129  124.51
207.368  22.4273  148.894  58.6294
581.431  133.701  540.033  148.275
580.087  111.491  537.798  127.088
283.683  62.3925  242.436  100.337
573.506  137.149  533.526  152.488
408.489  228.767  396.031  271.6
502.612  202.061  482.871  230.038
455.369  220.947  442.45  256.657
489.497  222.746  474.626  253.436
569.463  136.773  530.3  152.585
561.945  117.001  520.929  132.995
603.056  428.172  612.821  452.657
361.732  97.6446  324.277  129.753
531.83  151.191  492.18  169.633
98.6113  297.79  27.0935  395.03
317.313  226.895  299.217  283.741
484.891  335.658  470.4  366.234
517.469  227.429  508.274  257.532
490.711  133.804  451.463  155.408
572.381  152.727  533.522  168.102
544.584  111.587  504.052  128.684
488.49  156.967  450.346  179.107
327.128  148.311  300.732  193.46
175.443  92.1746  120.508  148.573
579.416  128.77  538.057  144.335
284.462  261.171  283.924  340.566
499.326  353.362  489.808  383.284
508.317  160.07  471.183  180.994
490.463  136.378  450.962  157.924
171.641  236.771  124.038  318.592
502.617  130.315  463.451  151.103
579.439  85.7231  532.139  100.489
464.154  221.253  449.954  255.231
423.895  225.926  412.914  267.887
403.802  242.1  396.517  288.787
559.514  180.285  523.978  196.895
263.045  246.264  257.019  327.134
131.907  61.2189  59.0583  114.491
561.488  103.099  519.634  119.038
427.426  168.3  402.022  201.635
488.901  169.473  452.423  192.16
438.976  192.377  411.887  223.242
576.477  92.7139  530.9  107.937
286.877  279.798  286.225  360.818
286.635  279.923  286.12  361.128
383.549  234.069  372.578  282.916
538.887  165.799  500.005  182.958
574.136  163.046  536.668  179.321
381.328  78.5339  346.753  108.313
419.947  211.159  401.485  248.798
422.251  217.897  404.493  256.581
490.316  216.855  475.107  247.254
361.33  96.0261  323.713  128.83
492.072  216.891  476.538  246.95
564.09  128.062  524.299  144.095
484.249  339.831  469.645  370.337
573.776  151.172  534.992  166.496
479.65  339.815  464.661  370.775
544.003  150.805  505.192  167.927
413.551  239.666  406.739  285.792
550.955  138.144  511.809  154.942
125.531  222.918  58.755  306.911
579.839  150.884  539.624  165.404
560.418  173.299  524.898  190.003
266.028  159.27  235.913  216.427
157.521  93.883  98.2987  153.228
466.096  192.901  440.464  221.317
428.58  133.326  401.858  164.02
457.81  232.42  447.483  269.134
536.945  117.774  495.402  135.755
479.813  162.538  445.561  186.028
412.888  111.316  389.288  144.629
461.392  218.893  445.981  252.593
98.9643  298.508  27.0935  395.03
581.382  197.916  554.165  215.54
396.57  245.437  390.359  294.035
253.238  270.61  239.076  351.839
110.762  42.5104  26.6035  92.9834
440.688  263.004  445.346  311.382
488.179  221.911  473.733  252.874
499.408  171.941  463.456  193.959
252.776  267.298  237.64  347.689
573.856  152.685  535.571  168.106
561.491  152.601  523.001  168.685
528.341  116.021  486.042  134.29
502.411  145.569  465.9  166.395
491.556  215.925  475.389  245.727
386.293  80.3614  352.159  110.81
417.789  246.011  411.426  290.902
388.896  30.6131  353.652  55.9118
522.89  106.896  480.391  125.467
283.746  111.465  249.972  157.24
400.757  212.029  381.404  252.012
488.503  215.748  473.171  246.248
498.272  350.766  486.566  380.598
501.861  203.415  483.329  232.057
574.055  81.7946  526.98  96.0369
507.352  165.855  470.409  185.993
503.255  200.248  482.488  226.872
545.888  162.156  507.222  179.881
304.788  159.506  281.397  212.047
309.508  284.648  310.305  359.249
491.585  170.856  455.794  193.631
407.294  228.905  393.724  271.259
574.116  142.827  534.329  157.967
402.761  92.3784  370.213  121.606
382.183  225.515  367.116  271.127
595.033  415.459  601.932  440.096
574.629  346.216  566.962  368.725
604.633  333.673  604.632  356.322
414.851  222.197  401.964  263.538
374.519  232.296  361.568  281.694
570.648  108.881  529.117  124.334
235.623  21.4595  178.716  54.8771
511.109  213.537  494.544  242.069
390.12  73.6574  356.851  103.606
570.18  168.88  533.542  184.629
416.122  192.993  393.334  229.621
373.91  230.692  359.415  278.255
388.243  256.459  385.168  308.689
500.277  138.718  462.676  160.282
284.504  26.3155  239.854  58.5154
492.072  216.891  476.429  246.833
483.003  129.353  443.021  150.378
404.447  233.581  394.194  278.226
369.212  53.2676  329.638  81.6434
531.097  112.399  489.284  129.741
500.918  351.984  489.429  381.559
457.187  230.313  446.672  266.93
555.333  169.945  519.377  186.848
492.611  171.23  456.631  193.872
208.079  22.3395  149.667  58.3047
450.55  214.539  434.808  249.331
440.526  266.139  445.818  313.939
509.942  261.741  507.7  296.768
617.314  376.616  607.878  390.883
424.993  260.478  427.547  310.37
503.618  217.952  488.484  246.848
383.038  241.461  373.694  291.67
378.945  236.432  367.247  285.912
559.817  147.444  521.46  164.747
536.983  151.878  497.016  169.99
500.641  202.666  481.574  230.199
328.072  146.738  302.188  192.806
395.229  29.7997  359.691  55.488
456.553  221.787  442.45  256.657
572.519  135.898  532.922  151.289
530.463  114.987  488.832  133.416
575.567  166.227  537.117  182.104
488.408  216.044  472.341  246.165
369.475  234.026  356.789  284.633
491.809  138.259  453.305  160.179
572.155  127.787  533.305  143.581
493.446  165.504  456.898  187.926
584.398  161.177  542.374  175.501
578.403  398.744  582.678  424.929
330.326  233.532  313.565  288.502
502.635  218.399  488.862  247.955
284.364  66.0022  244.585  105.004
550.104  165.152  513.049  182.084
515.748  238.873  507.089  270.339
383.892  80.794  349.479  111.492
412.72  111.849  388.711  145.169
432.864  220.214  417.592  258.793
292.757  73.2399  255.04  111.588
213.044  114.681  165.707  169.891
381.714  83.57  348.392  113.936
462.423  201.225  440.621  231.645
444.359  227.796  433.765  266.022
396.6  79.5499  364.297  109.687
288.361  267.475  287.881  346.058
247.267  49.9561  196.376  86.9625
609.274  413.666  616.615  436.965
509.241  236.631  502.587  268.588
502.587  202.265  482.862  230.442
567.982  336.475  560.515  360.368
555.349  176.664  518.7  194.232
195.016  94.5767  148.29  150.447
531.824  157.29  493.581  175.163
538.593  162.214  499.42  180.355
535.845  143.323  496.997  162.076
285.742  158.572  257.431  211.214
493.29  172.691  457.22  195.308
515.325  248.169  512.857  281.315
264.41  289.926  260.489  375.486
558.948  112.332  517.393  129.339
607.869  412.002  615.175  435.567
378.37  62.9628  342.424  92.4666
186.468  93.3526  135.128  148.755
559.028  173.545  522.787  189.927
550.122  85.4664  503.503  100.631
450.999  191.882  426.729  223.615
576.059  144.549  536.968  160.818
503.391  129.731  463.929  150.555
498.792  150.764  462.588  171.822
460.901  193.516  435.336  223.591
491.632  133.525  452.41  155.27
543.458  236.836  538.155  265.656
518.046  216.894  506.641  245.793
516.06  162.216  478.732  182.655
511.557  186.933  488.555  211.77
489.413  136.939  450.962  157.924
577.346  130.042  536.727  146.109
528.953  110.651  486.355  127.785
489.443  221.673  474.902  252.283
122.705  177.124  50.254  252.967
511.168  167.1  473.059  187.575
361.312  66.0517  320.479  94.6132
568.686  134.17  529.156  149.734
438.627  237.661  430.616  279.412
500.157  204.129  481.161  232.907
441.937  221.504  428.231  258.386
374.944  71.0728  336.549  99.4978
573.233  130.511  533.35  145.787
514.515  201.705  496.384  228.149
498.754  202.118  479.086  230.769
528.82  110.634  486.355  127.785
562.691  130.213  523.066  146.127
593.682  163.161  551.43  176.935
523.424  160.945  485.173  180.568
582.12  203.521  555.06  220.795
533.007  175.732  496.24  193.647
503.246  229.28  494.049  260.692
508.814  230.624  499.799  261.486
509.48  218.725  497.612  248.266
571.782  151.83  533.859  167.314
543.596  160.327  505.915  178.765
579.68  154.103  539.081  169.499
546.834  245.522  542.641  274.342
299.312  268.486  299.662  344.368
169.51  228.95  121.708  311.122
509.255  141.009  472.098  162.238
302.969  275.679  303.403  352.602
459.923  204.351  440.078  235.838
395.575  89.5001  362.912  120.342
538.9  127.55  497.884  144.374
478.237  159.506  443.101  182.557
402.657  232.816  391.443  277.032
577.165  401.64  580.043  427.205
451.734  221.918  439.503  258.122
356.458  83.2771  316.224  115.073
458.026  186.709  432.215  215.615
455.501  220.884  441.656  255.818
378.046  257.985  378.069  315.364
503.428  229.876  494.299  261.241
463.135  192.508  437.412  220.937
171.033  100.494  113.888  159.418
128.957  258.929  70.7992  351.197
322.363  239.374  306.102  296.544
505.869  181.416  474.21  203.29
567.565  349.747  560.942  372.199
257.47  157.064  226.105  215.591
528.953  110.651  486.676  127.771
444.929  215.589  430.516  251.53
494.636  142.915  454.215  164.132
529.531  121.083  485.787  139.052
555.757  157.702  517.33  175.221
560.623  163.155  523.275  179.165
409.608  102.533  379.794  133.79
495.631  137.156  457.824  159.23
542.267  346.851  529.945  370.934
384.635  83.1975  351.392  113.106
213.856  113.155  168.123  169.021
549.394  99.49  505.18  115.065
394.332  89.1986  362.306  120.422
550.498  85.7272  503.503  100.631
381.26  259.378  379.064  314.923
498.063  216.498  483.213  245.881
299.685  265.352  300.087  342.518
542.089  140.553  502.4  157.369
519.511  156.195  481.918  175.016
569.373  123.633  529.123  140.481
504.114  207.894  487.041  235.68
182.715  253.762  139.411  336.527
546.033  127.364  505.468  143.851
353.73  84.6753  313.614  116.957
576.262  129.582  535.165  144.238
528.82  110.634  486.676  127.771
519.874  155.348  482.044  175.56
444.02  227.811  432.487  265.427
556.807  173.61  522.083  190.516
410.855  248.185  411.043  297.496
453.825  237.044  444.386  274.453
536.891  110.944  494.844  127.645
205.844  22.7493  146.664  58.597
393.462  221.094  373.413  261.776
403.652  242.37  397.198  289.146
124.762  223.345  58.755  306.911
393.743  244.631  388.044  293.633
362.797  76.8221  322.455  107.558
164.146  117.091  104.852  177.702
578.557  375.758  573.763  396.565
373.471  267.408  371.714  323.459
564.337  128.106  524.612  143.792
511.53  199.003  492.202  225.091
460.482  210.53  440.62  243.507
435.899  182.838  408.329  213.332
498.114  132.297  459.303  153.906
163.874  232.576  112.306  314.337
481.02  341.475  466.261  372.709
508.362  215.487  492.429  243.257
540.834  122.109  500.095  140.421
169.958  237.763  124.025  320.34
417.976  259.643  420.015  310.758
407.999  229.897  396.074  272.673
572.805  151.852  533.53  166.691
595.033  415.459  601.757  440.351
556.849  157.275  518.626  173.279
601.81  322.607  600.369  344.942
293.626  285.711  293.221  365.716
465.135  190.698  438.479  220.055
536.709  123.913  494.825  142.108
517.543  156.197  479.88  175.059
358.168  54.1158  316.541  81.6035
207.668  103.44  162.644  158.154
503.975  208.892  488.275  237.189
278.372  158.849  248.725  212.107
509.482  160.233  471.919  179.676
602.945  427.578  612.821  452.657
371.193  249.486  365.115  304.483
522.376  140.447  481.543  159.702
397.417  88.8303  364.817  119.641
388.381  99.9497  354.096  131.717
520.38  143.187  481.597  163.247
590.606  410.7  597.15  436.341
373.952  34.7463  333.093  61.2396
561.292  384.603  558.798  410.151
384.713  234.468  373.418  281.594
167.497  219.552  120.745  302.787
506.157  350.192  493.63  378.869
489.188  181.161  460.681  205.637
527.028  143.977  486.226  162.909
283.173  61.8841  243.063  99.0224
457.408  201.42  434.27  231.523
268.359  270.821  260.594  352.341
167.109  83.2875  111.207  139.433
252.92  269.25  238.891  351.064
457.918  198.131  433.753  227.693
402.878  240.523  395.048  286.544
528.951  147.14  487.873  164.106
402.508  222.866  387.876  264.854
491.479  225.788  476.03  255.503
391.738  18.689  356.094  43.9747
504.084  207.741  487.524  235.627
487.948  214.872  472.103  244.795
511.662  232.823  503.314  265.227
479.992  340.594  465.191  372.067
545.172  130.32  504.953  146.797
528.476  165.076  489.552  184.26
502.758  229.278  493.536  260.491
215.073  114.592  170.337  169.164
429.216  224.339  415.603  262.825
595.431  415.362  602.271  440.361
472.979  166.192  449.481  194.064
516.509  158.176  478.957  177.063
291.517  73.4653  254.427  111.92
402.761  92.3784  370.519  123.066
613.313  174.833  581.403  189.033
170.283  236.283  123.183  317.45
488.799  333.535  474.38  364.202
290.099  285.837  289.37  366.805
530.272  156.51  491.148  175.666
353.264  55.5859  311.9  83.6391
416.05  227.845  404.95  269.609
119.077  135.08  43.6642  205.107
460.762  218.42  445.763  251.906
330.528  229.966  313.911  286.381
510.018  217.898  495.876  246.14
561.565  116.468  521.034  133.909
284.734  91.9487  247.132  133.291
572.327  173.421  536.16  188.641
164.478  233.824  110.68  313.624
540.336  139.59  501.447  158.432
431.861  169.712  405.541  200.821
553.262  130.596  512.254  146.316
451.734  221.918  438.683  257.493
503.618  217.952  489.901  247.036
508.447  247.004  505.13  282.14
165.752  233.978  115.937  316.772
417.042  260.455  417.573  311.084
520.789  213.163  506.878  240.393
195.349  98.1612  147.415  153.491
589.986  410.479  596.153  436.107
408.981  244.732  403.292  290.9
595.279  415.828  602.052  440.848
441.7  228.163  429.801  265.729
417.896  243.711  412.796  288.673
422.23  229.563  408.757  269.185
383.783  81.7979  350.848  111.582
403.821  91.3296  370.329  121.501
576.452  99.6379  534.865  114.486
600.944  328.056  600.638  350.667
444.731  196.136  421.468  227.506
600.944  328.056  601.081  350.881
558.586  173.191  522.992  189.469
577.583  403.657  580.086  429.147
572.657  145.176  534.162  160.269
570.087  115.282  529.307  130.399
560.418  173.299  525.092  189.54
413.424  259.634  413.219  310.514
571.106  147.976  532.339  162.997
431.253  254.341  430.444  299.632
256.649  257.351  244.5  336.214
186.492  93.7251  135.128  148.755
394.941  89.0574  363.124  120.523
466.806  203.15  449.135  234.463
282.216  110.233  244.324  153.739
493.05  153.401  456.989  176.54
489.695  204.148  469.645  231.915
162.103  117.013  102.612  177.89
381.913  264.343  381.632  321.354
511.156  195.799  489.689  220.859
420.215  100.956  395.952  133.283
484.227  349.811  470.867  381.339
507.823  137.95  469.94  159.38
545.894  106.689  500.982  121.895
414.348  244.915  409.462  290.55
268.193  160.178  236.46  214.475
469.935  203.057  447.033  231.7
367.058  233.829  354.128  283.087
521.132  200.311  498.279  225.895
582.438  392.954  581.126  416.266
495.95  172.741  458.359  194.983
535.089  113.282  492.317  131.608
450.287  225.291  437.705  261.224
511.283  247.7  508.766  280.841
563.358  141.768  524.218  157.189
476.743  214.017  460.532  244.869
365.435  98.4601  326.378  128.972
562.054  128.433  522.594  144.073
279.286  271.334  277.054  351.242
125.018  144.398  52.4496  213.175
327.128  148.311  300.588  192.72
519.533  155.463  481.575  175.946
550.592  131.422  511.447  147.739
125.757  217.5  61.1606  301.057
368.212  34.2108  326.796  61.1401
367.748  233.59  354.899  282.705
301.169  257.385  301.622  331.491
532.914  201.661  516.25  226.549
545.852  170.606  508.043  186.924
307.568  279.408  307.531  355.392
540.618  181.254  503.385  200.026
577.274  176.87  540.768  191.41
434.343  216.306  420.132  255.648
293.078  150.694  266.77  201.633
463.245  203.547  440.958  233.149
403.561  252.165  401.573  303.687
269.962  293.973  268.307  381.657
369.37  34.8351  328.452  61.886
535.366  158.311  499.538  178.414
456.553  221.787  443.632  256.635
415.847  129.871  392.482  162.394
307.405  98.9448  263.56  136.991
547.043  209.902  532.009  234.082
421.167  232.528  411.345  274.089
357.405  82.6087  317.895  112.741
265.059  268.446  259.004  349.854
585.364  414.478  592.614  438.923
535.642  230.686  528.014  258.844
285.041  287.004  283.568  369.321
518.401  161.853  480.287  182.326
328.448  154.117  302.687  199.057
576.06  100.368  534.486  115.092
511.195  220.834  498.968  249.577
495.066  225.932  486.383  258.028
369.37  34.8351  328.39  61.8959
125.398  212.662  60.6562  298.585
425.29  185.837  398.694  220.035
419.563  258.298  420.361  308.747
569.725  115.541  529.161  130.597
396.256  89.4013  363.734  120.654
312.614  157.407  288.222  208.427
559.833  174.513  522.942  192.284
568.441  366.219  562.237  387.588
567.222  85.5612  519.188  101.309
562.28  140.57  522.973  155.938
500.41  161.304  464.4  181.725
420.659  237.148  412.383  279.647
195.558  94.161  148.949  149.3
380.559  258.158  383.108  314.509
569.491  116.301  528.685  131.256
532.907  159.417  495.944  177.065
545.582  104.893  501.334  120.181
310.574  264.643  310.988  336.545
369.423  34.773  328.452  61.886
266.947  253.525  258.123  333.655
573.778  300.582  565.913  325.62
285.742  158.572  258.348  211.071
546.317  244.248  542.042  272.568
171.604  85.9458  115.742  141.002
459.369  210.626  440.531  244.605
133.625  86.2678  64.3405  147.545
577.779  92.355  530.9  107.937
548.146  209.475  533.805  233.73
395.948  221.227  381.073  263.743
399.803  17.2313  364.039  42.197
488.505  205.869  468.984  236.222
324.601  216.623  306.448  270.355
515.069  225.687  505.601  255.097
103.918  253.063  29.2127  340.135
513.67  102.38  471.536  119.943
527.001  201.86  509.499  226.788
283.82  87.0577  246.224  127.687
435.45  227.084  422.969  264.933
396.224  88.6085  362.78  119.624
404.051  217.256  387.306  257.378
196.11  94.6287  148.949  149.3
268.726  268.81  261.526  350.922
508.867  225.98  497.967  255.394
467.645  238.795  464.267  279.379
141.535  49.9369  74.2459  100.276
557.261  214.388  541.939  239.859
283.338  110.758  245.32  156.376
128.038  185.276  58.7682  260.067
427.357  230.913  415.049  270.065
444.067  259.648  445.877  306.744
540.207  227.653  533.896  255.756
586.585  181.271  547.924  194.139
569.998  343.09  563.271  364.913
267.231  161.298  237.494  216.757
284.219  222.619  262.627  286.808
251.724  84.239  202.659  124.913
176.62  255.055  132.525  340.428
373.624  229.919  357.392  275.716
417.02  259.615  417.571  307.857
438.192  227.949  426.017  265.508
187.969  100.958  138.528  157.461
198.843  105.353  152.847  161.558
485.216  213.332  467.635  245.009
464.129  191.544  439.165  219.568
563.988  132.364  524.424  147.532
541.455  228.365  533.896  255.756
412.078  246.555  408.15  292.789
290.099  285.837  288.425  366.613
473.325  221.047  458.032  252.447
584.977  364.017  575.104  384.224
456.648  225.819  445.632  261.331
187.745  99.5414  136.325  154.738
420.818  222.047  408  261.61
553.453  211.832  539.213  235.463
538.557  236.275  533.769  265.051
607.737  372  597.571  389.153
334.072  283.386  340.245  353.841
364.145  32.2644  321.552  59.3211
306.961  284.612  306.874  361.436
552.714  381.032  546.79  406.469
538.051  162.916  498.822  181.857
96.3881  295.576  25.2233  393.111
518.813  217.66  505.74  244.971
286.954  112.399  250.969  158.619
290.085  59.7996  251.499  95.7648
497.528  249.039  498.015  284.906
436.04  229.658  424.029  267.527
301.079  256.942  301.859  330.876
430.925  267.392  435.933  315.755
174.265  92.3144  121.937  149.429
114.764  350.488  55.5315  457.146
476.269  180.679  445.567  204.939
266.381  86.8671  220.577  126.627
327.521  147.567  300.581  191.273
457.745  203.306  437.507  234.088
593.801  335.354  597.179  359.793
284.669  92.8072  247.316  133.835
547.833  216.705  534.094  240.905
583.865  378.35  581.059  398.782
451.281  189.727  425.087  221.434
406.004  93.6064  371.942  123.991
598.518  328.755  599.714  351.826
401.771  217.309  381.291  258.72
544.827  106.903  502.89  125.428
452.495  188.758  427.862  218.027
104.473  305.772  34.2934  404.046
569.731  148.548  529.99  162.832
445.267  231.556  435.833  269.339
106.855  355.157  47.1551  466.655
546.469  212.15  532.794  236.506
622.082  202.619  592.401  215.488
372.643  40.2721  331.89  67.9554
288.566  58.8657  249.495  94.6555
289.784  157.104  262.318  208.27
240.966  104.602  195.084  154.028
508.495  395.845  511.93  432.794
550.733  210.567  536.602  234.356
492.93  201.395  473.257  228.471
407.963  229.796  396.194  271.917
493.193  140.172  454.993  163.055
562.409  131.11  523.032  146.252
529.426  212.498  515.569  238.33
520.869  216.243  509.496  243.934
368.61  33.9415  327.066  61.2346
519.615  239.138  515.345  270.012
600.73  371.539  590.867  389.791
473.89  188.047  448.682  214.696
520.373  212.511  507.344  239.555
503.024  209.44  488.653  237.688
420.257  168.36  398.714  205.341
317.958  142.407  288.509  189.211
454.454  206.371  435.225  237.91
444.016  243.248  440.164  284.12
543.54  347.105  530.741  371.637
564.184  123.934  524.519  138.964
568.849  110.826  528.946  125.747
307.984  277.696  308.352  354.301
271.885  294.15  269.677  381.34
459.506  202.468  439.456  232.966
530.915  132.041  490.21  151.614
167.774  80.493  111.135  134.778
379.6  255.66  377.437  308.871
535.266  213.276  521.554  238.513
545.517  132.919  505.512  148.691
542.019  241.029  539.522  270.152
531.994  165.52  492.629  185.021
506.48  392.79  508.832  429.646
383.446  85.9175  350.267  115.258
261.644  230.633  238.167  297.036
432.314  267.558  435.763  314.591
507.382  219.122  495.217  247.755
453.243  220.566  440.603  255.384
102.463  294.85  32.9365  395.045
432.752  212.101  414.482  246.831
505.683  175.461  469.388  197.987
168.272  96.6094  112.347  153.842
161.595  231.441  103.152  309.1
506.165  391.708  508.209  428.516
501.352  231.036  492.145  261.591
348.945  50.1673  300.764  78.6248
291.418  94.4413  255.333  134.842
378.335  257.141  376.985  311.024
510.225  237.514  503.255  268.053
187.969  100.958  137.945  156.698
378.441  49.8289  337.019  77.8228
120.431  144.289  46.3716  212.945
600.24  370.69  590.023  389.072
121.333  137.411  43.5993  201.934
599.038  371.155  589.191  389.845
376.015  275.74  380.475  338.122
100.381  250.309  24.5353  337.219
518.519  113.816  478.071  131.079
531.807  145.811  491.739  162.076
457.202  231.339  446.934  266.778
621.805  201.669  591.987  214.257
184.496  252.083  143.469  337.236
471.6  208.341  453.615  238.209
381.759  265.157  381.427  323.05
590.24  368.479  579.865  388.049
103.379  252.955  29.2127  340.135
499.839  394.272  501.816  432.107
127.152  186.059  58.1463  260.883
264.662  158.825  234.947  214.067
578.556  90.4195  534.469  107.325
480.072  343.141  466.178  376.066
534.285  215.799  522.235  241.595
573.635  223.074  556.359  243.126
564.402  138.362  524.98  152.942
457.074  225.693  446.184  260.72
557.261  214.388  542.102  240.491
368.98  238.211  358.712  287.906
417.707  205.206  397.354  240.649
516.652  357.164  503.747  384.968
289.476  163.838  262.61  219.522
293.759  271.508  294.063  347.861
380.036  49.4425  338.765  77.4782
480.72  343.538  465.625  375.729
198.843  105.353  151.908  160.418
421.665  156.749  398.626  192.881
481.704  342.468  466.649  374.604
501.647  200.719  479.06  225.281
294.083  111.999  257.685  157.33
539.318  237.264  535.782  265.921
100.57  250.213  24.244  336.197
507.528  392.5  508.209  428.516
157.171  105.867  99.3069  166.501
545.506  113.355  505.33  128.957
171.754  239.714  128.807  322.848
307.286  83.2613  270.307  119.524
278.423  159.195  249.165  211.454
384  247.616  374.787  295.25
257.229  87.441  208.674  127.009
540.517  92.3739  492.487  110.045
269.325  293.476  266.441  381.499
191.965  108.26  145.741  165.84
172.242  106.429  118.054  164.69
536.793  227.172  527.775  253.67
176.936  235.867  130.126  318.139
495.382  336.888  479.305  366.812
456.874  202.515  438.58  233.614
126.049  251.313  62.2597  342.449
550.823  230.101  542.715  255.564
436.24  233.277  423.978  270.35
180.297  106.728  128.563  164.111
511.628  168.057  474.24  190.224
315.1  157.2  291.615  209.222
119.213  150.098  44.1091  223.796
328.775  232.877  313.065  287.072
431.645  170.78  405.541  200.821
521.612  114.407  479.321  130.553
493.437  123.196  453.001  141.702
417.042  260.455  417.2  312.153
113.918  30.8759  29.1249  79.3987
178.607  248.582  138.501  331.856
531.386  160.823  491.627  180.839
163.58  103.557  106.875  162.321
418.297  98.0986  395.591  132.122
382.701  240.083  371.097  286.166
294.971  263.106  293.169  341.594
376.234  269.782  376.877  325.24
542.499  103.607  500.222  118.603
555.458  151.764  516.568  166.367
562.719  92.4042  514.345  109.213
100.381  250.309  24.244  336.197
602.243  371.759  590.867  389.791
164.923  105.974  109.12  165.164
571.403  124.073  531.433  137.953
155.489  89.7608  96.712  147.289
360.3  237.605  347.501  287.049
119.455  143.827  46.3716  212.945
521.425  211.611  507.872  237.534
258.012  88.3885  211.32  128.421
410.523  118.689  384.525  149.012
496.581  229.147  486.479  259.19
336.801  224.253  318.622  274.625
352.417  236.656  340.622  288.103
461.19  141.605  430.438  165.975
176.55  25.1875  117.995  65.215
500.135  231.767  490.857  261.724
170.961  238.814  122.289  322.621
144.693  33.7357  75.1369  77.6422
522.054  113.3  480.143  129.273
550.054  230.038  542.715  255.564
468.436  197.442  443.183  223.78
322.007  101.06  281.202  139.857
143.526  49.6547  77.0277  98.5723
457.91  144.19  424.936  167.998
135.978  352.869  82.8559  455.752
271.912  294.365  269.014  382.065
546.923  242.198  544.619  270.021
280.444  165.844  252.402  218.394
127.909  260.873  66.6297  348.144
293.946  268.934  294.892  344.729
434.302  210.075  412.868  242.168
501.377  217.202  487.489  244.829
450.365  242.186  449.449  282.544
262.353  99.6361  219.877  141.807
194.994  25.1196  137.131  61.858
193.152  111.18  142.762  165.907
419.02  238.499  411.76  280.258
439.346  240.593  439.24  288.369
144.38  33.6072  75.9056  77.8221
577.211  152.662  540.289  166.199
335.569  224.299  317.296  274.527
126.192  254.016  61.1639  344.79
313.858  167.021  289.771  214.762
310.467  162.075  287.271  210.523
409.658  209.133  391.389  245.944
283.338  110.758  244.829  157.619
183.243  99.5242  132.609  154.927
507.528  392.5  507.562  428.937
438.86  169.635  412.671  198.206
568.183  216.686  553.249  237.338
164.923  105.974  110.254  165.31
329.405  161.318  302.227  204.199
538.349  148.38  500.735  169.452
539.539  236.878  536.321  264.806
247.22  76.0129  198.332  115.021
279.445  159.966  250.709  211.528
243.339  106.673  194.853  155.957
266.356  60.788  219.769  95.7868
411.805  268.462  419.523  320.268
468.836  198.909  444.545  225.185
453.34  239.019  448.333  276.531
275.859  30.378  232.789  61.3162
543.217  235.354  539.914  262.762
363.836  237.059  353.912  286.768
190.558  106.161  143.272  162.283
377.511  236.859  359.946  279.731
287.655  80.0712  248.389  122.813
523.503  212.382  512.575  238.591
326.464  166.338  302.612  211.536
189.735  108.38  139.394  163.285
540.35  167.239  504.901  188.841
332.725  219.245  314.32  269.401
384.623  255.323  372.683  306.856
494.405  190.26  466.386  212.268
170.451  84.5482  116.07  138.53
568.352  137.484  529.126  150.74
417.707  205.206  397.142  239.319
328.71  170.405  304.927  215.418
518.87  111.822  475.323  132.82
565.462  122.015  525.806  135.553
500.135  231.767  492.145  261.591
175.225  66.3019  119.164  114.866
139.509  94.463  73.4464  152.528
304.889  193.16  284.453  246.199
220.299  138.661  168.6  195.247
175.385  245.269  134.06  327.33
350.583  74.4235  310.067  102.299
182.703  240.096  136.042  321.878
416.231  178.978  394.093  211.754
458.624  138.244  424.998  160.921
544.493  166.466  502.318  179.32
174.983  244.851  134.06  327.33
134.891  93.5572  59.1093  146.803
307.696  159.625  283.587  207.357
324.565  162.874  300.647  207.821
485.33  118.638  443.778  136.23
444.716  212.081  423.589  248.954
485.967  338.674  469.858  371.167
306.278  84.3351  268.145  119.107
361.278  237.607  349.934  286.598
197.537  115.851  152.277  172.253
121.41  176.822  48.4863  256.137
289.545  162.444  262.61  219.522
427.627  177.553  402.591  207.429
420.011  327.048  403.096  362.655
474.039  158.189  438.787  178.879
305.403  89.1476  268.569  124.929
419.669  111.234  395.245  146.465
114.423  74.5713  31.96  126.938
537.699  235.806  535.471  263.711
169.63  86.8836  108.636  137.465
304.549  84.5341  266.518  119.446
478.821  164.938  446.954  186.419
258.035  84.7756  213.642  124.19
445.88  210.823  426.761  248.753
423.155  254.01  421.255  304.833
303.274  291.627  307.935  367.737
261.118  227.053  240.659  293.208
158.622  199.571  95.7905  265.757
417.376  205.551  397.142  239.319
119.156  145.969  44.9718  213.074
97.7253  205.475  16.0273  281.97
381.269  253.383  378.425  311.392
545.952  137.769  505.978  151.469
397.145  218.816  386.142  260.489
503.24  104.711  461.164  120.536
267.081  86.3915  221.195  123.651
266.643  103.247  225.301  144.364
143.254  52.5236  71.3772  97.9609
359.133  242.561  350.851  293.351
278.476  281.751  273.309  366.253
290.092  165.414  262.836  214.85
546.39  247.373  544.458  273.959
287.268  81.5805  251.578  119.173
392.641  241.234  385.404  286.163
356.208  239.141  345.845  289.098
244.145  109.641  195.72  160.282
314.746  286.837  313.89  363.961
569.587  130.816  529.849  143.097
97.7253  205.475  15.8261  281.296
155.557  95.7933  93.1003  150.315
288.935  75.6688  252.333  111.832
307.162  88.7537  271.066  123.913
121.41  176.822  48.2115  256.782
198.042  94.7849  152.237  146.762
526.709  128.472  485.444  150.576
535.526  130.964  498.464  153.869
169.727  83.0953  107.566  131.677
423.055  101.712  399.335  128.96
289.673  279.17  289.461  359.421
