1636
500.343  167.748  556.078  142.342
230.608  234.164  308.081  211.365
239.438  223.133  312.143  200.211
521.97  157.164  580.287  130.934
78.497  118.411  129.301  92.1065
452.891  369.325  516.324  348.014
310.63  460.981  389.875  442.802
498.281  412.217  569.222  389.678
506.625  127.398  564.94  100.145
523.127  166.506  580.457  140.695
521.559  117.353  581.419  89.4206
501.417  410.025  572.309  387.419
452.846  165.704  508.07  140.64
422.397  325.307  477.948  304.63
516.869  131.193  574.893  104.079
475.212  177.759  528.097  153.221
451.379  168.548  506.549  143.603
469.214  185.504  522.672  161.194
434.004  326.167  492.031  305.119
502.108  359.094  565.384  336.726
462.547  291.216  537.039  267.846
407.623  180.298  465.691  155.787
446.425  348.582  505.871  327.477
230.676  73.0538  296.912  41.6548
540.023  374.904  603.078  351.833
521.252  248.852  604.564  222.854
192.704  236.685  271.548  214.209
216.18  64.1039  281.043  32.134
277.092  364.389  370.233  344.697
286.757  248.985  361.093  226.636
492.403  126.54  549.855  99.4198
459.284  114.003  513.895  86.8434
380.204  380.423  442.071  360.801
313.215  74.9134  374.617  44.689
426.827  181.86  481.851  157.597
322.137  218.285  387.564  195.186
230.35  96.8504  296.743  67.1775
404.925  206.021  469.616  181.801
233.556  86.1497  300.655  55.6135
384.326  365.704  446.49  345.835
470.581  292.002  548.564  268.273
220.157  166.175  287.623  140.849
322.466  227.494  392.735  204.267
418.224  337.212  476.064  316.631
489.586  115.628  546.603  88.1489
409.143  192.145  469.55  167.843
540.611  374.113  603.589  351.002
361.231  213.651  425.918  190.081
520.907  246.627  603.89  220.635
233.31  145.112  301.618  118.405
533.285  164.888  590.703  138.96
206.341  240.523  284.418  218.223
243.098  175.063  310.685  150.141
461.756  152.615  517.833  126.922
489.187  162.815  544.126  137.389
504.276  358.817  567.817  336.365
492.559  120.365  549.945  93.0358
482.574  418.986  553.243  396.852
324.108  216.825  389.841  193.664
508.641  172.518  565.624  147.096
359.241  162.195  425.004  136.339
451.675  178.679  505.373  154.302
198.947  148.216  267.161  121.774
396.955  168.01  456.961  142.889
324.981  89.9844  388.976  60.3518
316.429  242.52  392.841  219.412
260.368  148.329  328.966  121.67
435.318  172.493  489.517  147.892
287.376  210.126  351.559  187.083
479.349  116.61  536.719  89.1825
479.094  411.498  550.245  389.352
531  365.073  593.331  342.167
495.906  173.481  550.716  148.368
205.026  104.102  262.374  76.2183
201.512  246.038  278.317  224.2
277.679  237.014  351.521  214.241
496.417  171.22  551.831  146.041
503.13  362.775  567.236  340.405
455.974  232.862  531.056  207.925
445.781  374.559  508.304  353.438
190.567  224.891  267.841  201.911
380.751  358.92  442.398  339.012
203.675  98.5264  264.112  69.7992
454.227  153.827  510.047  128.276
327.445  90.6831  392.209  61.0683
132.205  97.4844  201.555  66.9545
274.767  104.259  335.797  75.9821
505.862  174.085  562.175  148.731
510.458  363.136  572.749  340.636
428.465  337.865  486.653  317.01
482.17  129.653  537.483  103.044
384.202  187.112  443.222  162.996
262.942  205.89  329.423  182.567
455.53  153.434  511.535  127.739
490.636  119.052  548.117  91.5804
395.857  202.761  458.84  178.615
427.787  367.437  491.456  346.555
505.175  181.299  562.017  156.224
379.706  216.28  446.381  192.399
499.875  175.562  555.159  150.415
520.915  175.776  578.278  150.331
392.271  172.93  451.849  148.004
491.187  111.099  547.783  83.5063
477.553  116.153  535.115  88.706
490.732  173.58  544.198  148.763
339.865  227.364  409.886  203.948
430.53  366.828  494.334  345.871
401.079  189.565  460.893  165.212
402.944  234.795  475.5  210.865
499.483  167.356  555.215  141.882
490.608  173.426  544.179  148.471
486.609  347.984  549.658  325.93
186.254  251.837  262.3  230.403
530.384  174.24  587.006  148.759
131.557  98.5268  200.43  68.1289
450.277  382.428  512.625  361.374
491.799  110.798  547.552  83.3124
531.959  375.648  594.671  352.691
139.378  98.3855  209.512  67.8232
439.965  160.364  493.938  135.263
464.733  165.702  518.932  140.602
495.307  174.98  550.237  150.019
505.994  189.314  562.508  164.531
487.14  127.871  543.932  100.854
495.098  144.896  551.558  118.551
352.413  189.288  415.604  164.904
490.608  173.426  544.898  148.527
441.608  234.501  518.313  209.59
246.027  255.345  318.48  233.796
399.674  415.386  467.845  395.321
420.155  331.157  475.4  310.545
534.763  373.997  597.441  351.125
332.111  65.468  398.687  33.9815
396.314  372.075  460.262  351.991
374.489  375.272  436.892  355.596
395.272  373.089  460.312  352.975
336.855  216.639  403.161  193.183
462.343  367.75  527.537  346.216
373.41  376.902  435.658  357.272
381.014  208.461  445.894  184.432
242.126  229.379  315.68  206.733
122.81  82.6982  193.738  50.5939
517.917  370.213  580.236  347.548
421.081  326.59  476.577  306.043
494.576  402.302  565.018  379.782
381.327  213.663  447.456  189.695
144.109  108.905  211.88  79.5341
428.082  204.066  492.377  179.503
121.679  82.4993  192.561  50.3737
384.736  365.692  447.007  345.706
380.454  371.369  442.712  351.703
527.108  368.504  589.871  345.614
538.641  139.728  594.594  113.142
408.138  186.673  467.79  162.319
298.217  235.171  377.52  211.699
398.957  236.682  471.256  212.738
500.801  401.586  571.497  378.909
393.229  372.607  456.987  352.612
498.125  401.718  569.024  379.091
308.085  228.691  378.498  205.566
366.483  362.833  430.361  343.072
233.198  89.7644  299.557  59.6739
537.851  137.645  595.409  110.798
502.478  404.113  573.781  381.367
277.49  228.863  346.353  206.186
491.1  347.045  553.594  324.962
450.563  178.453  504.575  153.911
139.737  94.1174  210.317  63.3093
451.696  147.853  507.156  122.174
451.772  148.034  507.254  122.166
205.248  104.732  263.899  76.5629
325.597  92.1188  390.755  62.5886
283.952  94.0318  341.777  65.6268
410.648  187.177  470.292  162.835
519.405  164.446  576.389  138.536
225.04  97.9601  290.765  68.533
136.491  104.861  205.232  74.9812
496.42  181.174  551.827  156.176
381.033  375.397  444.703  355.697
535.126  151.469  592.755  124.926
400.805  204.16  464.728  180.077
490.199  347.102  552.876  325.034
496.016  180.748  551.007  155.783
277.092  364.389  369.718  344.635
493.243  162.761  549.384  137.086
377.678  374.42  439.746  354.663
518.177  148.548  576.377  122.159
419.366  330.246  474.64  309.604
489.748  164.302  544.593  138.856
434.784  363.637  497.515  342.796
347.76  213.266  414.938  189.456
312.242  426.706  390.009  408.373
270.027  147.557  337.777  120.865
510.749  142.279  569.109  115.469
157.477  101.536  226.782  71.3908
478.293  116.971  535.747  89.4013
444.459  148.56  499.056  122.847
491.462  109.993  546.571  82.6046
506.183  127.153  564.392  100.02
481.867  127.275  538.78  100.429
479.636  116.268  537.071  88.8917
499.658  108.078  554.03  80.6756
265.102  209.549  331.554  186.326
371.115  233.702  439.981  210.264
226.967  90.5595  292.252  60.4561
516.391  124.66  575.49  97.0325
478.733  115.93  536.421  88.2772
259.526  148.419  328.547  121.632
363.842  366.242  427.348  346.808
524.335  121.582  583.938  93.9623
266.793  148.497  334.365  121.882
454.956  214.542  525.615  189.618
339.137  209.467  402.577  185.962
455.74  239.611  530.248  214.862
372.682  317.143  426.048  297.482
364.234  368.861  426.97  349.504
448.962  228.932  523.975  204.119
152.42  212.511  215.418  190.589
278.84  210.314  343.684  187.187
524.826  167.278  581.906  141.382
399.224  249.054  459.327  226.624
324.892  215.427  391.345  191.966
460.888  195.068  516.001  171.092
233.469  79.73  299.185  49.0429
179.543  384.797  277.421  367.231
521.197  367.356  583.458  344.573
364.636  219.485  432.923  195.885
468.944  165.828  523.415  140.613
281.247  250.344  351.525  228.359
456.459  153.865  512.289  128.125
260.972  154.119  329.488  127.718
395.538  203.266  459.279  179.243
377.72  214.307  443.544  190.383
488.639  348.329  551.454  326.06
414.528  223.588  482.666  199.395
412.985  213.535  480.59  189.059
335.576  216.436  402.359  193.147
324.522  227.548  394.018  204.268
459.935  150.928  516.092  125.276
201.674  244.724  279.553  222.537
453.686  167.09  508.643  142.238
504.538  112.016  559.086  84.7595
359.157  213.118  422.688  189.556
541.251  106.025  599.949  77.8278
418.037  330.478  473.141  309.846
252.429  217.815  318.504  195.101
448.355  184.052  502.296  159.689
319.359  237.319  396.461  213.725
378.008  362.923  438.883  343.07
521.167  149.58  579.356  123.241
470.117  165.925  525.004  140.647
306.812  97.3026  364.311  69.2162
230.578  97.8018  296.912  68.3294
138.828  93.4088  209.85  62.2338
349.386  216.001  416.308  192.281
524.048  122.028  583.735  94.4393
469.531  165.696  524.427  140.41
396.802  197.377  458.454  173.075
449.276  373.9  513.904  352.485
430.479  181.041  485.727  156.852
520.786  363.027  583.094  340.219
426.972  208.653  496.022  183.992
268.825  209.279  335.442  186.258
537.626  148.063  594.919  121.381
422.144  325.89  478.18  305.049
492.046  119.263  549.546  91.6973
452.867  154.419  508.751  128.699
218.148  92.1695  281.775  62.6637
420.833  233.286  494.211  208.818
294.671  239.11  370.339  215.972
134.815  206.984  195.473  185.392
390.234  375.178  454.632  355.293
362.35  363.791  424.752  344.154
480.052  239.113  566.517  213.201
308.665  419.445  380.726  401.405
260.091  152.569  328.421  126.081
413.635  174.74  476.216  149.605
76.8828  315.134  122.598  300.379
338.593  203.665  399.598  180.157
434.273  190.313  496.321  165.374
544.323  370.197  607.27  347.183
314.913  105.616  374.008  77.8264
516.495  185.053  573.362  159.776
378.155  213.988  443.822  190.038
404.51  186.535  464.022  161.974
236.958  438.51  318.433  421.698
386.106  365.449  448.501  345.353
92.8455  177.522  141.082  155.839
148.022  103.646  218.435  73.7356
230.501  73.1656  296.935  41.5736
493.64  161.994  550  136.532
443.795  159.251  498.494  134.23
489.595  225.257  560.045  200.036
429.329  343.128  488.056  322.168
488.667  168.636  544.029  143.23
468.649  219.768  537.445  194.775
537.394  95.4048  596.194  66.7859
431.977  231.268  505.375  206.589
263.718  226.197  335.557  203.476
399.836  138.081  462.417  111.41
321.516  78.3362  387.789  47.4757
326.443  227.609  396.138  204.255
518.367  183.952  575.568  158.574
306.707  222.678  373.411  199.612
509.711  103.467  564.659  75.8125
446.646  386.268  509.383  365.395
448.082  152.513  503.5  127.126
387.209  202.931  449.211  178.851
448.147  179.782  501.595  155.292
472.162  307.985  538.36  285.252
273.034  210.507  339.364  187.223
406.958  185.488  466.447  161.204
484.255  161.212  538.465  136.056
493.408  128.249  550.795  101.037
164.231  110.999  230.396  81.9985
451.063  156.329  506.622  131.059
269.386  147.361  337.777  120.865
230.801  98.0903  296.961  68.7033
375.625  216.035  442.366  192.053
403.915  413.532  472.668  393.438
498.368  159.091  553.744  133.265
472.325  125.006  527.648  98.3778
491.443  115.041  548.843  87.6372
179.307  384.011  277.892  366.331
511.857  161.142  569.144  135.425
535.123  151.659  592.962  125.381
491.208  117.736  548.191  90.5042
296.435  222.478  364.01  199.76
495.102  139.879  551.593  113.229
405.186  210.601  471.331  186.194
437.94  266.869  506.027  243.641
400.601  192.5  462.208  167.943
331.97  239.777  406.778  216.334
76.9491  116.984  125.247  91.1168
449.091  178.234  502.57  153.669
509.351  174.154  566.165  148.578
369.6  216.449  436.825  192.48
501.026  404.09  572.798  381.634
487.648  348.059  551.454  326.06
453.717  183.623  508.489  159.057
517.155  212.109  579.756  186.967
126.221  95.7294  195.081  64.9525
525.858  167.081  582.652  141.137
178.465  252.202  257.996  230.391
499.874  402.097  570.474  379.342
308.942  93.2602  367.698  64.8003
500.613  412.907  571.2  390.523
326.353  84.4333  390.986  54.1984
505.263  409.408  576.818  386.488
463.888  366.715  528.656  345.28
364.234  368.861  426.892  349.189
322.447  222.77  392.387  199.204
339.193  243.385  415.093  220.279
496.545  172.067  551.694  146.704
118.152  66.1444  188.051  33.0025
306.404  93.3993  366.34  64.7821
448.676  217.646  519.658  192.535
242.646  149.553  310.841  122.891
514.833  157.287  572.327  131.005
533.459  374.749  596.331  351.615
440.519  224.103  512.191  199.225
411.166  185  468.244  160.964
456.66  142.699  512.826  116.804
298.205  209.867  363.373  186.45
534.5  103.289  594.552  74.8959
453.977  370.647  520.173  348.959
366.454  352.275  426.652  332.895
348.259  103.708  412.307  74.7419
325.207  229.53  395.59  206.157
328.227  228.158  397.099  204.854
314.086  74.7641  375.586  44.7444
530.081  174.313  585.484  148.698
344.987  208.038  407.984  184.379
423.961  323.377  479.133  302.89
474.781  128.854  530.202  102.398
473.952  177.567  528.068  153.104
475.212  177.759  528.762  153.357
226.283  91.4122  291.354  61.7346
507.829  174.55  564.423  148.993
475.498  251.865  554.529  226.72
519.16  367.478  581.587  344.639
538.88  96.8409  597.477  68.3596
533.279  162.586  591.078  136.73
361.415  218.848  429.329  194.946
486.323  346.397  549.234  324.498
445.652  164.495  501.012  139.641
454.103  285.405  527.319  261.923
516.76  174.308  574.094  149.026
309.098  425.42  386.995  407.257
232.298  112.583  296.645  84.055
449.985  164.628  505.536  139.733
425.5  324.707  481.909  303.685
225.764  69.8295  292.46  38.3091
365.028  368.139  427.05  348.448
242.31  212.216  308.609  189.196
182.338  238.439  260.135  216.012
467.623  148.611  523.307  122.974
455.655  231.322  531.481  206.078
454.668  176.817  509.592  151.947
475.078  243.07  557.824  217.311
313.813  65.835  375.702  35.1794
462.617  291.632  537.065  268.049
425.417  323.539  481.764  302.501
511.35  208.834  575.621  183.912
127.055  203.223  188.065  181.03
120.313  185.606  182.612  162.211
507.555  125.331  567.249  98.0509
371.835  216.903  440.131  192.77
308.152  422.323  385.305  403.719
515.487  113.71  579.382  85.3639
367.511  204.8  429.953  181.331
209.869  161.047  277.111  135.728
138.459  93.5023  209.797  62.6669
505.844  126.857  564.343  99.8051
453.474  166.606  508.44  141.845
406.11  243.087  474.05  219.537
515.814  131.12  574.726  104.137
450.04  142.09  505.597  115.833
137.035  104.118  204.597  74.2141
418.256  151.113  475.195  125.724
276.085  364.091  369.718  344.635
413.347  149.19  470.262  123.751
462.634  291.646  537.065  268.049
126.877  96.7733  194.904  66.1543
450.009  208.627  518.912  183.364
438.303  165.221  491.454  140.234
449.048  157.152  504.324  132.035
437.002  194.818  496.762  170.672
353.302  200.251  416.182  176.178
424.883  204.764  491.059  179.887
199.094  236.017  277.948  213.694
260.218  154.724  328.381  128.281
474.241  249.545  552.585  224.375
209.027  151.523  276.38  125.102
539.864  140.227  596.178  113.775
444.14  350.302  503.926  329.483
78.9175  302.05  126.641  287.006
509.732  103.385  564.659  75.8125
501.391  409.572  572.442  387.212
483.577  171.47  537.426  146.795
514.205  180.76  571.111  155.268
122.588  203.603  183.442  181.449
362.243  360.458  422.771  340.785
442.689  159.334  496.637  133.991
531.732  144.249  589.701  117.797
424.561  381.262  490.047  360.251
527.117  151.23  584.922  124.556
386.971  372.167  449.145  352.555
281.276  223.725  348.92  200.748
437.695  136.847  492.579  110.498
516.49  179.045  573.564  153.458
307.693  449.163  385.99  431.273
413.975  343.177  471.321  322.497
490.175  176.98  545.068  152.322
495.916  108.673  550.958  81.3722
340.528  226.508  410.587  202.841
270.314  249.664  341.144  228.111
308.627  92.3589  367.924  63.8375
519.008  164.589  576.039  138.516
488.012  122.208  545.371  95.2173
513.822  179.94  570.848  154.404
308.884  220.642  375.976  197.336
65.9307  302.078  114.923  286.579
355.425  216.238  422.12  192.366
207.418  150.425  275.229  124.404
293.419  238.989  367.578  215.883
485.383  116.057  543.254  88.7517
324.685  233.32  396.316  209.917
344.987  208.038  408.399  184.271
362.274  191.65  422.739  167.95
475.267  215.259  546.308  189.713
471.263  154.25  525.729  129.001
444.982  177.221  498.576  152.545
382.488  375.39  444.002  355.404
489.698  118.507  547.456  91.3112
266.388  148.772  333.549  122.064
457.341  230.879  532.344  205.63
480.019  115.068  537.406  87.8124
347.789  101.454  411.451  72.9029
138.828  93.4088  209.797  62.6669
514.204  180.352  571.088  154.825
286.086  223.148  355.143  199.931
430.264  346.868  485.851  326.578
487.15  134.857  543.966  108.48
279.049  232.586  351.872  209.462
509.711  103.467  564.663  75.9268
75.9794  295.451  125.128  279.511
380.243  213.339  446.358  189.165
313.763  64.6268  376.946  33.7487
409.661  192.653  469.685  168.094
526.919  201.465  588.714  176.485
521.269  155.824  578.798  129.937
377.814  188.996  436.143  165.323
491.799  110.798  547.783  83.5063
471.579  166.537  526.238  141.141
335.428  218.669  401.554  195.701
180.265  383.794  278.416  366.585
415.125  188.752  474.829  164.032
525.285  111.366  586.194  82.7348
302.618  441.789  380.44  423.427
233.589  247.385  308.263  225.176
306.046  213.117  370.891  189.722
341.301  208.906  404.373  185.22
419.502  329.097  474.913  308.236
491.279  417.486  562.152  394.812
464.661  212.782  534.743  187.34
273.439  105.209  332.771  76.882
457.234  181.806  511.062  157.744
231.403  72.6741  297.942  40.8915
315.627  199.008  380.781  174.874
372.927  209.454  439.176  185.17
540.83  96.7065  598.609  67.8003
138.871  99.7026  209.201  69.5906
294.294  219.304  360.942  196.079
282.849  205.435  348.034  181.834
447.234  177.56  500.887  152.845
382.542  192.875  441.534  169.257
533.982  99.7544  592.812  71.4721
417.511  182.759  472.762  158.897
152.866  212.638  215.418  190.589
425.667  185.892  481.413  161.411
496.324  171.083  551.806  145.544
487.28  122.065  544.694  95.1044
400.141  243.316  471.411  220.076
434.64  202.136  500.544  177.049
506.183  127.153  564.94  100.145
430.219  224.306  502.475  199.382
326.85  204.775  387.758  181.265
502.739  409.489  572.442  387.212
84.2579  168.146  131.883  145.489
292.279  435.427  369.745  417.871
373.738  220.237  441.372  196.206
450.365  237.78  524.18  212.916
414.123  383.656  478.176  362.908
331.429  212.777  397.583  188.994
440.957  199.359  506.359  174.164
421.445  242.376  495.895  217.934
506.909  413.988  578.167  391.548
195.325  243.189  274.271  220.694
178.964  90.0322  248.105  59.5426
515.044  147.56  573.368  121.352
362.03  368.474  424.334  348.74
208.205  448.569  287.391  433.162
146.287  91.7469  217.232  60.9524
462.547  291.216  537.119  267.525
472.513  252.681  552.387  227.418
331.773  84.6735  397.221  54.8623
411.972  319.553  467.673  298.647
442.873  145.719  497.995  119.625
517.862  170.222  575.405  144.876
339.244  217.717  407.515  194.482
299.898  210.093  364.642  186.598
533.809  374.431  596.982  351.152
512.189  138.265  570.294  111.763
361.165  223.784  429.044  199.97
483.928  170.228  537.447  145.618
397.748  198.876  459.938  175.033
481.886  128.33  537.786  101.873
229.712  72.5285  296.2  40.7071
559.573  215.021  623.666  189.188
501.93  156.995  558.681  131.418
425.059  226.396  497.936  201.514
90.8004  297.994  139.756  281.941
484.465  389.4  553.01  366.919
146.007  93.1901  216.76  62.552
138.51  93.4408  209.658  62.7213
433.749  375.644  498.023  354.394
324.157  242.762  398.789  219.387
504.285  141.582  562.175  115.288
445.618  179.337  498.633  154.74
448.774  349.14  508.704  328.291
489.709  183.295  544.46  158.933
180.218  211.104  254.856  188.091
475.789  156.399  531.209  131.146
347.24  202.26  410.032  178.245
318.672  219.477  385.371  196.003
380.428  215.352  447.99  191.052
339.508  110.467  408.097  81.1421
440.327  373.561  504.693  352.147
375.373  348.319  435.941  328.821
418.683  328.127  473.644  307.937
539.328  377.726  602.377  354.325
308.582  92.7215  368.371  64.2269
519.789  174.704  577.029  148.852
207.936  231.772  285.336  208.709
237.09  87.0906  303.643  57.0463
508.008  104.339  562.689  76.9351
523.457  109.979  583.283  82.0792
518.484  163.602  575.826  138.075
266.498  250.968  336.036  229.713
475.654  169.979  531.462  145.18
424.074  209.392  490.527  184.567
463.334  212.031  533.402  186.533
476.721  152.32  532.176  126.913
286.326  437.619  364.074  420.254
127.321  202.765  189.136  181.032
507.353  399.954  578.627  377.535
376.039  209.978  442.789  185.587
407.321  202.46  468.126  178.135
338.346  105.388  399.468  77.4948
448.28  177.997  501.547  153.285
494.534  403.052  565.061  380.259
494.972  163.172  550.601  137.307
321.538  108.156  383.723  79.5699
358.065  129.538  426.202  101.317
168.366  110.772  234.939  81.525
520.786  363.027  582.72  340.027
545.564  129.882  602.243  102.36
413.113  214.123  479.215  189.594
362.013  206.467  424.926  183.181
428.883  325.052  486.647  304.463
308.942  93.2602  368.753  64.8162
451.556  288.773  519.148  265.719
501.37  291.206  576.201  266.851
509.313  130.805  567.911  104.002
377.818  208.712  444.111  184.29
450.726  243.103  524.948  218.308
379.898  214.112  446.548  189.841
404.059  223.478  473.908  199.713
478.058  135.53  534.026  109.415
342.914  218.051  411.261  194.829
426.86  204.701  492.488  179.748
485.111  139.379  541.908  112.543
343.046  218.345  411.31  195.144
374.555  375.074  436.714  355.854
467.562  213.279  537.822  187.737
455.44  214.971  525.615  189.618
524.7  255.698  608.448  229.438
521.043  174.358  578.205  149.207
454.254  214.673  524.33  189.33
291.1  435.361  368.359  417.902
450.078  164.902  505.517  140.176
435.602  232.703  508.593  208.608
413.661  212.144  480.025  187.498
441.331  201.488  506.931  176.281
232.298  112.583  296.132  83.9763
457.022  148.272  513.763  122.703
353.185  199.415  416.187  175.17
424.477  380.544  490.17  359.398
516.037  130.925  574.893  104.079
298.448  91.8727  359.948  63.1028
140.229  99.1253  210.67  69.0364
417.859  321.595  473.695  300.546
369.912  194.864  428.001  170.834
503.038  183.542  560.308  158.84
487.527  137.25  544.189  111.087
33.712  83.3032  29.9531  63.0535
485.878  403.598  556.507  380.964
383.478  247.03  460.699  223.626
529.435  95.1074  588.652  66.6678
526.916  252.59  610.66  226.199
359.175  220.069  427.139  196.06
275.666  221.294  344.145  198.04
528.656  148.307  586.296  121.409
438.972  214.547  514.764  188.747
186.884  250.482  255.419  229.388
474.697  161.276  528.601  136.443
205.15  149.06  273.221  123.043
127.198  96.887  196.205  66.7754
263.746  205.15  330.526  182.2
413.536  211.692  479.948  187.003
63.1561  290.432  111.101  274.434
486.532  262.991  567.633  237.638
307.109  92.9826  366.59  64.6099
320.016  423.407  396.609  404.397
154.77  212.326  216.22  190.273
383.556  194.074  442.156  169.826
346.743  203.262  409.422  179.235
89.6201  322.927  135.763  307.975
514.877  178.838  571.62  153.147
456.123  179.316  510.064  155.272
478.255  249.565  554.872  225.167
481.839  129.108  537.902  102.744
78.3923  302.719  127.279  286.946
233.094  222.286  307.615  199.592
264.686  149.73  332.449  122.872
495.259  146.589  551.75  120.792
183.705  382.881  281.198  365.731
489.298  134.251  545.929  107.992
482.512  133.767  539.32  107.503
126.073  118.795  192.312  90.0143
242.149  209.161  308.657  186.614
304.028  249.575  382.494  226.238
292.576  435.018  369.907  417.564
423.887  369.963  487.811  349.638
362.018  367.966  424.251  348.132
439.533  195.156  503.079  170.756
368.948  215.98  435.737  191.811
110.533  194.549  164.224  172.592
424.614  322.869  479.179  302.615
129.529  97.8304  197.285  67.1758
470.634  174.874  524.476  150.588
309.146  79.5219  371.021  49.1063
504.936  165.296  561.938  140.051
262.119  151.982  329.859  125.254
470.449  164.53  525.266  139.773
537.192  378.606  599.65  356.046
418.25  171.423  478.299  146.689
137.108  214.773  197.563  193.053
368.826  375.742  428.696  355.981
68.5751  296.64  115.864  280.864
524.179  123.203  583.846  95.9544
522.32  166.307  579.276  140.108
193.663  237.826  272.886  215.785
431.374  339.017  487.024  317.909
444.056  145.8  498.954  119.62
315.429  107.054  379.147  78.9797
359.1  207.602  422.933  183.495
129.963  82.909  201.372  51.316
397.748  198.876  459.608  174.307
256  210.767  322.242  187.375
309.387  64.9647  371.142  33.5847
503.603  141.505  561.685  115.289
426.738  208.866  494.554  183.764
272.021  219.86  335.916  197.011
484.343  159.544  538.806  134.558
478.665  156.168  533.823  131.018
411.384  192.749  471.309  168.043
92.1692  178.182  140.162  156.852
370.105  214.914  436.559  190.709
458.633  168.683  513.573  144.161
513.554  179.6  570.492  153.892
309.016  92.7694  368.797  64.3793
424.912  328.45  481.267  307.278
301.318  443.553  379.54  425.956
538.188  369.768  601.332  346.277
264.269  208.515  330.917  184.9
228.923  233.352  306.423  210.967
152.373  210.911  213.381  188.806
309.001  92.6951  368.512  64.3432
511.838  212.96  575.46  187.54
498.749  143.386  555.473  117.448
303.554  90.4007  365.684  61.5155
218.713  160.431  286.492  134.296
293.375  435.112  370.511  417.675
500.967  378.848  570.421  355.81
449.755  216.167  518.792  190.949
451.874  157.921  507.429  132.081
492.95  292.077  565.799  267.939
76.5377  126.287  125.431  100.394
125.816  120.79  192.03  92.1297
428.591  142.447  482.741  116.283
468.51  213.399  538.709  187.773
435.52  229.955  510.634  204.737
526.074  121.642  585.219  94.4114
501.941  158.267  558.522  131.966
392.182  224.038  457.999  199.998
415.71  223.439  485.783  199.624
488.7  399.915  559.271  377.141
446.786  177.819  499.937  153.018
266.069  149.207  333.318  122.334
359.364  189.788  420.198  165.251
229.656  234.397  307.085  211.159
419.792  375.418  484.007  354.327
343.341  246.825  420.053  223.067
411.607  410.384  482.298  390.297
530.536  164.191  587.615  138.741
313.752  213.742  378.487  190.149
531.767  144.251  589.755  118.005
272.977  207.66  338.826  184.002
198.566  222.259  277.792  198.439
481.918  128.451  537.995  102.119
386.197  199.466  444.995  175.314
489.967  133.465  546.602  107.228
533.798  98.3986  591.513  70.376
311.927  230.549  383.48  206.964
443.316  175.772  496.867  150.866
466.32  212.555  536.179  186.936
433.784  228.446  507.175  203.343
132.68  202.209  193.932  180.612
441.265  168.397  495.046  144.165
330.025  240.228  404.426  216.567
377.676  355.785  438.891  335.489
422.677  227.18  495.499  202.206
509.201  140.091  567.661  113.788
483.14  169.306  538.187  143.686
287.708  365.585  374.923  345.614
516.289  103.201  571.158  75.8329
314.947  65.0546  378.023  34.4216
472.597  127.591  527.537  101.425
485.264  136.683  541.818  110.623
438.403  213.058  508.654  187.686
451.511  362.758  513.176  341.047
349.394  201.281  412.278  177.048
143.155  108.429  208.221  79.0103
190.57  254.5  267.266  232.666
385.911  250.789  462.76  226.647
526.598  252.509  610.315  226.022
519.951  165.862  576.909  139.608
304.454  432.33  382.907  414.593
367.372  346.58  426.59  327.446
426.15  328.823  482.609  307.575
216.998  216.328  295.388  193.107
469.372  164.946  523.813  139.334
74.4479  293.239  123.892  276.994
519.44  144.403  578.042  118.196
451.759  209.149  520.327  183.676
462.321  313.1  526.538  290.441
390.711  198.035  453.092  173.375
284.847  220.31  355.972  196.548
426.907  234.897  501.16  209.981
499.483  167.356  556.078  142.342
109.938  194.686  164.224  172.592
454.951  313.116  506.167  291.534
173.439  113.016  238.625  84.0061
479.967  134.678  536.468  108.588
379.634  215.137  446.633  190.733
509.915  102.574  564.129  75.3083
426.902  235.098  501.034  210.196
468.05  177.466  521.617  152.392
424.968  185.309  480.627  160.626
488.749  398.737  559.312  375.917
522.049  124.346  582.347  96.1376
218.003  242.305  294.885  219.574
309.098  425.42  387.004  407.537
426.972  208.653  494.753  183.472
515.263  105.37  571.405  76.9357
196.032  248.084  275.307  226.622
344.418  203.2  407.417  179.052
521.339  154.27  579.047  128.526
397.41  253.574  473.379  229.448
517.46  139.085  576.094  112.703
140.892  215.662  203.045  193.694
119.422  81.5419  189.527  49.0086
483.839  170.512  538.776  144.906
525.056  201.052  588.756  175.075
427.712  191.456  491.023  166.113
544.356  371.448  441.723  356.985
396.66  171.589  456.823  147.084
78.4711  303.959  126.397  288.208
305.203  246.647  382.722  223.167
513.545  178.718  570.444  152.908
375.452  217.282  442.446  192.982
471.494  167.364  526.339  141.75
101.312  315.929  152.818  301.061
408.48  201.596  469.782  177.006
439.601  215.508  511.037  190.052
423.188  366.774  486.557  346.569
538.227  364.231  601.31  340.65
426.623  370.657  489.846  350.426
518.422  141.611  576.933  115.345
440.337  200.713  506.931  176.281
514.272  164.585  571.758  139.287
414.879  215.373  482.342  190.565
530.553  193.148  587.929  167.549
450.613  350.265  510.721  329.57
504.974  408.017  576.453  384.777
295.829  444.137  373.844  426.773
123.348  178.307  185.196  155.257
494.485  127.402  551.924  100.848
265.867  149.679  333.285  122.747
351.896  248.742  426.621  225.085
205.5  124.131  272.486  95.6811
470.277  172.065  524.889  146.64
320.985  228.324  391.415  204.616
230.616  235.071  308.119  211.783
519.885  141.076  578.394  114.793
264.777  210.277  331.203  186.674
443.973  185.744  500.664  160.771
193.663  237.826  272.151  215.965
248.899  243.497  324.233  220.653
410.763  192.915  470.642  168.126
152.42  212.511  214.062  190.329
224.561  246.384  300.837  223.818
404.857  193.664  465.453  168.872
536.794  366.856  600.032  343.283
242.656  162.11  310.253  135.934
423.618  214.454  494.634  189.144
524.627  124.633  583.624  97.6367
263.911  151.86  331.217  125.057
455.062  199.17  511.288  175.678
424.454  330.029  480.782  308.779
182.461  210.223  256.115  187.47
431.343  341.247  487.392  320.019
445.952  178.519  499.275  153.638
483.448  145.26  539.222  118.604
379.706  216.28  447.185  191.817
325.82  243.689  404.043  219.765
427.032  234.991  501.117  210.036
33.326  83.2053  29.9531  63.0535
454.816  204.053  521.407  178.523
143.715  211.187  204.398  189.072
486.161  184.71  541.648  160.567
426.746  327.446  482.77  306.131
84.4602  300.711  133.187  284.64
416.384  375.332  480.72  354.206
435.177  213.52  505.587  189.228
412.71  213.95  479.28  189.167
444.274  151.209  498.917  125.147
426.536  217.711  495.995  192.624
282.262  445.398  357.787  428.505
548.124  200.342  612.312  175.135
397.14  222.458  464.602  199.168
330.914  223.573  402.539  200.548
300.069  209.667  365.619  185.825
489.487  134.635  546.164  108.536
100.078  131.491  158.098  104.623
373.439  218.441  440.032  194.197
516.037  130.925  575.858  104.144
491.052  134.924  547.562  108.852
305.143  444.123  384.028  426.542
525.554  121.589  585.219  94.4114
387.762  242.998  453.429  219.547
490.547  133.893  547.083  107.784
127.055  203.223  187.917  181.856
378.371  223.75  446.735  199.467
247.804  255.203  324.712  232.705
521.485  177.886  577.707  151.999
500.072  176.306  555.751  150.615
169.994  212.268  242.939  189.814
331.118  242.46  405.91  218.739
171.133  214.591  249.472  190.511
488.898  380.301  555.628  357.543
479.797  162.215  534.205  137.505
512.449  206.671  575.518  180.991
376.395  220.069  443.842  195.759
436.027  376.151  499.448  355.81
292.419  424.117  370.581  406.667
411.178  225.594  478.701  201.118
521.481  154.511  579.318  128.828
324.987  49.24  388.431  17.5987
549.765  91.9858  608.199  63.6461
481.867  127.275  538.167  100.975
453.784  236.012  529.958  210.555
134.292  209.757  194.65  187.628
428.146  242.414  502.266  217.655
516.36  123.988  575.49  97.0325
325.549  49.1492  388.431  17.5987
489.386  133.846  546.256  107.711
234.054  112.087  297.954  83.2305
499.22  158.299  555.277  133.126
77.5502  295.933  126.333  279.727
164.339  114.413  230.772  85.2141
373.838  217.612  441.201  193.23
481.092  136.038  537.335  110.118
501.462  140.283  557.355  114.459
517.904  177.314  574.75  151.355
437.583  219.415  508.263  194.121
410.645  219.845  477.729  195.206
301.361  443.565  379.038  426.141
401.501  223.938  472.818  200.296
483.37  143.244  538.677  117.717
516.85  124.467  575.759  97.568
511.949  136.084  570.199  109.753
445.066  234.77  520.019  209.476
309.915  433.088  387.89  415.355
408.208  220.168  474.54  195.636
458.571  209.426  530.999  184.59
402.33  195.852  463.054  171.085
313.634  222.881  383.668  198.984
424.765  331.784  481.194  310.488
366.275  228.694  432.811  204.869
227.071  72.174  292.752  41.3791
429.565  227.925  501.763  202.837
301.318  443.553  379.038  426.141
77.6606  294.274  126.487  277.972
86.8476  300.717  136.019  284.529
410.964  315.388  466.559  294.156
453.053  171.944  507.689  146.566
396.59  198.844  458.282  174.126
505.302  185.752  562.055  160.158
526.171  144.766  583.903  118.752
448.803  222.961  522.012  198.619
293.766  444.579  371.587  427.365
445.592  227.875  517.173  202.661
461.51  170.045  516.048  145.775
314.947  65.0546  376.812  34.7449
259.526  155.665  327.781  130.143
89.1183  296.606  137.86  280.248
346.128  110.501  410.162  82.766
376.321  219.856  443.845  195.487
233.12  111.821  297.137  82.8906
528.191  199.417  590.272  174.669
114.102  200.289  169.356  178.268
68.5751  296.64  116.033  280.654
489.677  365.238  555.479  343.639
143.403  118.11  208.338  89.3058
475.08  127.998  530.941  101.862
444.402  233.708  519.44  208.35
431.157  242.887  504.913  218.1
507.656  183.885  563.52  158.294
455.366  238.178  530.272  212.847
307.693  449.163  386.305  431.628
447.665  350.991  507.046  330.51
538.949  367.226  602.434  343.502
286.871  442.959  365.096  425.903
464.036  166.751  518.059  142.421
484.343  159.544  539.01  134.734
464.149  176.357  517.151  151.206
499.449  407.509  570.248  384.315
392.63  254.307  468.249  230.168
547.793  199.411  611.914  174.263
494.103  128.254  551.864  101.809
504.146  181.915  560.274  156.253
383.409  200.757  444.226  176.29
486.862  133.916  543.357  107.9
87.2008  292.79  136.658  276.217
426.792  235.349  500.962  210.312
411.837  214.979  478.352  190.165
506.941  185.296  563.383  159.674
503.564  184.004  559.638  158.412
417.645  209.905  482.415  186.327
76.957  303.608  125.466  287.687
434.546  232.545  507.041  207.486
426.783  235.328  501.057  210.275
526.296  142.899  584.334  116.816
496.201  149.639  552.794  124.172
536.663  157.911  594.011  132.36
525.901  253.443  609.87  226.807
504.097  185.26  560.088  159.705
392.122  179.432  453.757  153.944
85.5693  300.759  134.333  284.581
118.605  113.135  181.549  84.1316
379.414  219.325  447.82  194.781
255.046  250.184  321.836  228.285
125.852  67.192  198.295  34.2581
495.151  126.738  552.243  100.329
124.03  183.634  180.735  161.684
424.167  357.039  483.194  337.121
304.232  432.994  382.846  415.432
77.2031  294.147  126.127  277.78
259.425  234.101  330.926  210.981
184.881  207.792  258.563  185.002
426.792  235.349  501.057  210.275
486.02  167.121  540.11  141.324
314.258  249.555  390.803  226.036
417.695  374.397  481.928  353.132
196.962  246.432  275.253  223.796
378.377  224.599  446.365  200.287
505.736  153.9  563.425  128.419
164.846  112.851  229.28  83.7399
233.791  233.701  311.105  210.192
482.828  133.984  539.372  108.021
362.963  214.615  429.598  190.208
437.252  130.759  492.027  105.102
140.067  99.7155  210.477  69.9754
520.17  111.451  580.759  83.8639
479.836  133.067  535.86  107.15
213.341  242.771  289.578  219.997
105.088  196.665  159.878  174.467
195.51  137.384  263.327  110.931
300.057  442.328  377.065  425.037
527.108  368.504  589.187  346.419
212.221  434.683  290.652  417.998
443.403  178.495  494.76  153.723
79.6319  303.978  128.001  288.008
442.567  349.746  502.237  329.389
386.464  249.303  445.971  226.532
195.247  239.542  274.113  216.495
230.389  234.584  308.02  211.104
493.579  366.529  559.886  344.891
338.749  104.06  402.025  76.126
234.954  112.154  298.344  83.2701
430.744  373.198  494.674  353.029
430.461  202.545  494.621  177.314
140.229  99.1253  210.403  69.3865
219.474  216.031  296.592  191.731
133.566  209.226  193.986  186.955
339.555  227.258  411.081  204.439
292.536  426.59  370.559  409.287
136.212  104.16  205.232  74.9812
409.106  193.146  469.098  168.209
247.147  152.567  314.609  125.678
447.655  220.048  517.777  194.622
33.712  83.3032  30.2255  63.3226
324.108  216.825  390.048  194.309
490.166  397.861  560.725  374.812
445.185  179.75  498.121  154.813
147.303  96.3383  216.5  65.1581
232.298  112.583  296.006  83.6664
302.619  238.298  376.384  214.68
84.773  297.575  133.623  281.221
483.202  118.151  543.059  89.706
335.745  237.412  408.998  214.876
142.67  215.527  203.94  193.445
508.708  418.452  579.355  396.382
513.84  172.847  570.691  146.664
131.118  112.067  199.604  83.5846
302.805  432.024  380.603  414.567
527.091  200.437  590.258  175.704
396.207  228.584  467.167  203.894
497.494  183.321  552.307  157.835
216.62  229.265  294.929  205.535
426.907  234.897  500.819  209.797
324.623  242.554  399.307  218.779
233.311  87.867  299.752  58.256
507.526  195.168  565.334  169.616
421.746  242.415  494.908  217.689
487.432  264.338  568.414  238.704
413.108  355.26  473.251  335.532
415.119  354.167  474.718  332.989
470.675  118.29  527.926  90.2258
111.02  205.398  169.131  183.263
295.731  233.85  367.704  210.271
469.005  295.395  544.034  271.256
198.311  247.644  275.929  225.07
500.52  408.929  571.273  385.624
421.177  201.956  482.642  177.039
532.405  148.663  590.464  122.823
291.73  233.05  362.887  209.551
403.12  208.661  469.642  183.613
217.692  229.077  297.14  205.192
83.3425  331.429  129.879  316.511
174.341  437.388  254.786  421.524
127.692  202.95  188.77  181.699
205.535  444.009  284.779  429.014
233.434  112.326  297.723  83.2759
263.196  216.466  329.333  192.993
232.017  89.1021  298.599  59.5783
421.281  372.829  484.254  352.955
260.779  213.276  327.012  189.662
234.399  112.276  298.344  83.2701
168.421  114.621  234.052  85.4086
144.596  221.987  207.947  199.98
506.391  415.629  577.154  393.649
387.734  215.167  454.634  190.454
500.437  128.846  558.36  102.48
522.678  116.33  582.37  87.6251
510.966  141.015  569.129  115.038
432.411  382.051  496.065  361.98
305.344  234.572  377.161  210.921
68.3829  297.221  115.712  281.149
263.238  203.082  329.768  180.417
508.156  142.82  566.325  116.934
124.362  111.702  184.978  82.8535
263.595  216.419  329.624  192.939
382.622  362.128  445.157  342.962
168.694  212.728  238.795  190.802
79.8868  304.954  128.579  288.924
493.467  179.419  549.525  155.173
450.146  208.818  519.271  183.028
191.896  255.785  268.491  233.741
160.473  221.76  226.656  199.301
465.824  212.771  534.919  186.954
465.052  165.769  519.27  139.971
463.43  176.558  517.151  151.206
391.206  200.621  452.491  175.901
282.294  113.473  340.638  86.8792
286.473  208.187  356.261  185.262
63.666  290.728  110.932  274.42
265.216  212.999  331.539  189.292
381.489  180.795  440.127  157.212
503.928  406.294  575.221  382.836
257.367  252.668  334.775  229.707
160.473  221.76  225.847  199.375
361.06  219.904  428.165  197.128
460.09  244.574  534.895  219.237
482.766  171.044  537.426  146.795
125.334  96.4094  195.081  64.9525
301.511  442.879  378.845  425.647
458.541  242.569  533.596  217.162
262.59  158.535  329.536  131.923
216.815  89.8109  281.109  59.0881
107.049  68.3566  177.631  35.7964
141.742  107.052  208.946  76.9007
388.709  217.747  455.86  193.045
200.307  229.517  279.772  205.73
483.475  274.196  564.88  248.761
315.942  106.084  374.533  77.4371
455.38  233.415  529.866  207.806
162.771  213.1  235.361  191
331.873  78.517  398.32  47.0342
519.726  135.876  578.139  109.676
473.463  143.089  529.838  116.082
220.356  258.493  297.827  236.156
448.502  349.623  509.004  329.214
459.291  281.814  532.406  257.597
197.202  90.0828  264.08  60.5177
369.958  372.872  434.118  354.047
199.956  244.956  278.528  222.053
367.408  221.888  436.568  198.945
300.782  432.131  378.996  414.809
490.636  119.052  548.264  92.4289
480.377  140.215  534.964  114.895
113.577  204.178  172.64  181.755
418.256  151.113  473.982  126.444
252.64  108.109  317.157  80.3291
218.821  243.045  296.524  219.951
218.321  244.299  296.084  221.264
482.556  121.033  538.974  94.6907
526.705  148.248  584.381  122.569
387.308  180.424  451.767  154.52
224.938  255.107  302.213  232.565
423.481  191.675  482.003  168.242
216.99  91.3858  281.524  62.3636
94.8382  322.333  143.406  306.679
378.959  225.006  447.777  200.465
217.87  228.622  296.73  204.678
488.79  380.556  555.628  357.543
414.591  365.662  478.032  345.923
216.72  244.129  293.407  221.196
272.985  222.059  337.554  198.831
477.553  116.153  535.747  89.4013
361.705  141.638  431.915  114.985
68.9069  296.82  116.033  280.654
393.901  201.72  455.711  176.893
216.041  228.652  295.095  204.692
327.857  122.233  396.176  93.1456
487.46  258.897  568.681  234.653
508.101  163.464  564.998  136.877
521.339  154.27  579.318  128.828
162.301  103.675  231.548  74.687
498.377  149.396  555.91  123.99
138.767  119.673  202.93  90.8625
198.797  231.676  278.368  207.95
275.975  237.826  347.865  214.491
450.726  243.103  526.235  217.698
462.939  230.385  537.496  204.53
136.585  210.346  196.754  187.988
317.119  236.343  389.409  212.491
300.175  432.126  378.552  414.856
448.708  351.767  509.116  331.437
492.074  179.653  548.845  155.453
202.901  237.328  282.115  213.891
480.748  112.782  537.812  86.0473
286.926  243.685  361.581  221.932
160.607  212.34  230.348  190.597
241.394  254.429  316.986  231.798
416.97  225.174  488.898  201.628
182.142  259.783  258.841  237.913
447.641  227.263  522.471  203.172
247.943  155.807  316.028  128.852
327.512  242.389  403.321  218.311
513.021  135.249  571.057  109.183
516.657  176.306  573.387  150.056
137.598  130.023  202.346  101.861
486.506  167.368  540.581  141.37
202.44  246.476  280.516  223.605
398.056  197.97  458.454  173.075
213.327  237.865  290.513  214.549
316.726  64.2547  381.619  33.6984
309.243  432.612  387.353  415.169
97.3085  310.571  145.315  294.44
111.266  193.869  165.661  171.321
234.49  85.4678  300.825  55.874
218.972  436.62  299.492  421.292
490.228  251.268  570.111  226.949
193.034  237.541  272.151  215.965
548.653  204.003  612.909  179.217
282.703  427.65  362.704  410.714
211.759  138.371  279.992  112.144
479.754  125.201  535.916  99.1642
72.2494  297.769  121.983  281.309
518.931  157.864  575.849  132.75
146.712  120.564  211.488  91.6936
345.568  246.909  423.322  222.587
240.841  98.2591  301.744  70.4125
261.186  216.606  327.521  192.965
484.115  163.133  538.409  138.771
392.934  178.409  454.269  152.648
480.703  123.723  536.725  97.6478
500.218  134.484  557.98  108.533
201.299  231.08  280.547  207.272
505.718  154.637  563.47  129.416
80.5814  303.771  129.115  287.537
133.603  62.2044  200.998  28.1342
293.445  105.911  352.364  77.078
293.55  246.026  369.731  222.371
441.766  350.143  501.607  330.029
410.319  348.325  467.649  327.111
82.5479  304.355  131.235  288.09
521.262  166.336  577.896  139.683
341.862  68.9818  408.347  38.635
342.636  248.919  426.428  224.11
380.302  219.235  448.65  194.408
63.6049  290.754  110.934  274.284
323.489  243.395  398.789  219.387
347.847  103.59  413.406  75.5527
501.088  159.295  557.82  132.541
498.824  140.961  556.378  115.32
444.142  144.7  499.124  117.96
243.059  239.907  319.548  218.312
218.967  217.416  296.939  192.851
272.621  206.346  338.826  184.002
409.532  221.345  480.107  196.064
498.56  149.81  555.777  124.557
291.908  452.25  370.569  435.451
299.831  249.624  375.179  226.099
221.903  255.693  299.713  233.027
373.738  220.237  441.225  195.579
404.584  241.843  478.084  217.031
218.868  243.379  296.307  220.19
511.35  208.834  575.399  184.657
499.874  402.097  570.194  378.597
260.762  226.995  330.719  205.322
269.891  223.414  336.096  199.974
237.648  98.8312  305.975  69.984
120.374  340.432  173.864  326.39
147.587  93.5256  219.395  63.3962
172.693  213.884  247.639  191.669
352.064  192.051  415.202  166.905
26.8093  82.6144  22.0513  63.0218
294.917  237.623  367.731  213.887
320.479  63.3057  382.575  33.21
449.053  204.572  511.568  179.133
222.074  255.747  300.032  233.052
441.28  347.271  501.158  327.188
504.353  179.271  561.855  153.034
263.452  200.002  330.265  177.379
480.644  352.801  546.537  331.638
482.683  326.725  542.423  305.676
520.715  146.191  576.07  120.919
379.99  236.731  447.434  212.58
305.936  61.6305  370.056  31.0661
479.784  380.885  546.065  357.943
420.324  243.525  493.392  218.596
296.548  96.7351  359.069  68.7277
79.9874  303.421  128.668  287.097
62.2739  291.423  109.972  274.911
300.7  430.974  378.656  413.83
199.962  231.295  279.361  207.415
287.614  451.85  365.532  435.221
421.874  216.101  489.396  190.776
326.028  89.9929  390.365  61.3467
387.567  217.371  454.722  192.465
420.748  356.843  480.931  337.255
443.959  176.299  498.369  152.786
262.697  155.47  330.965  128.3
513.554  179.6  571.111  155.268
206.075  251.207  281.77  228.644
266.051  212.704  333.686  188.604
516.864  142.496  574.919  116.813
411.366  224.535  483.114  201.182
382.065  229.038  471.841  202.335
62.9675  283.975  110.46  267.123
264.725  214.096  330.97  190.217
299.231  235.346  371.424  211.486
293.744  430.081  372.27  413.089
74.0797  303.76  120.626  287.682
518.748  113.876  580.74  86.5514
490.665  399.583  561.429  376.201
169.892  266.403  247.874  244.715
66.4639  284.619  114.034  267.739
212.431  243.572  291.096  220.266
181.27  210.6  253.111  188.547
236.182  114.095  299.698  84.9923
216.622  229.235  295.584  205.129
294.813  235.547  368.526  211.577
396.4  165.708  459.115  141.159
490.809  399.176  561.632  375.782
211.11  229.899  291.932  205.675
483.503  168.343  538.094  142.195
209.477  246.953  287.066  223.941
319.534  122.477  386.457  93.4114
535.792  152.448  593.206  125.027
446.199  351.286  506.161  331.202
303.24  104.301  362.211  75.2508
421.931  376.164  486.584  356.508
201.156  245.072  278.528  222.053
136.345  215.058  196.62  192.766
473.757  130.149  528.862  104.62
204.012  444.376  287.275  427.508
368.948  215.98  435.224  191.244
138.703  215.773  199.096  193.49
135.544  121.595  201.041  92.5308
518.422  141.611  578.188  115.715
180.076  211.998  253.688  189.863
466.899  139.937  530.651  113.777
272.034  222.1  338.163  198.501
122.553  314.3  175.966  297.344
424.648  234.799  496.262  209.609
326.061  91.312  390.601  62.7764
416.611  176.243  477.593  150.125
92.8455  177.522  140.162  156.852
503.583  113.281  559.086  84.7595
296.017  239.304  369.069  215.51
401.718  242.831  472.273  218.259
214.614  235.115  293.252  211.322
408.765  325.992  464.464  304.499
358.965  246.242  435.851  221.67
68.0638  301.705  114.63  285.567
335.162  122.661  403.297  93.3835
461.562  235.505  538.244  209.405
506.808  201.316  568.701  175.166
537.935  364.789  601.31  340.65
418.25  171.423  477.346  147.446
218.066  229.166  296.541  205.038
198.99  233.962  278.425  210.142
75.6701  124.975  125.431  100.394
303.52  97.1675  366.953  69.163
523.928  103.806  584.596  76.2695
395.989  152.43  457.97  127.442
435.015  229.689  509.796  203.869
207.936  231.772  286.394  207.855
310.89  236.819  383.612  212.772
199.43  230.745  278.553  206.769
215.635  230.165  294.352  206.067
536.752  108.136  595.983  80.937
352.752  243.959  427.218  219.57
278.344  250.423  354.211  226.964
428.789  356.094  487.956  336.51
183.271  208.261  257.382  185.897
217.065  230.442  295.561  206.353
262.186  197.586  328.899  175
295.157  245.015  370.461  221.193
200.201  236.742  278.992  213.088
218.362  243.217  295.78  219.865
265.944  214.593  332.4  190.599
303.71  426.478  382.03  409.323
60.4275  275.502  106.702  258.3
471.657  217.574  539.538  193.855
209.256  100.673  271.342  70.7016
209.611  238.256  288.248  214.606
281.244  202.669  345.538  178.229
423.719  177.476  486.505  151.075
532.925  129.765  590.65  103.671
510.969  145.503  568.897  120.107
509.64  155.22  567.254  130.226
213.304  90.1316  278.054  61.2896
110.372  206.087  166.733  183.778
500.345  152.009  557.226  124.775
517.908  161.136  574.789  136.384
215.03  229.971  293.461  205.849
212.486  237.275  291.312  213.51
353.858  246.958  430.832  222.383
294.118  220.964  363.091  196.727
383.942  176.413  444.746  150.457
214.819  242.997  293.385  219.521
487.431  260.265  566.307  234.279
391.988  203.277  458.183  180.043
80.5183  302.997  128.855  286.514
438.335  168.955  491.129  145.559
135.818  210.432  195.738  187.808
238.979  79.5545  305.459  47.4693
193.4  221.767  271.989  199.656
25.6507  80.3542  20.7978  60.812
462.917  171.627  517.254  147.97
485.63  170.981  541.161  146.99
217.431  90.9071  281.663  62.2422
503.486  156.786  560.229  129.692
547.387  199.496  611.724  174.863
392.33  142.705  451.363  117.736
324.352  243.277  399.574  219.026
172.962  110.729  236.719  81.0805
386.148  217.255  453.234  192.175
348.126  199.997  411.482  174.97
324.257  80.3961  388.077  49.0174
181.556  254.778  257.399  232.431
193.281  238.819  272.158  215.249
464.901  243.466  537.388  217.847
475.825  126.919  529.729  101.55
316.035  238.639  389.941  216.776
72.0243  299.582  119.235  283.127
128.633  209.725  189.483  186.959
390.688  189.128  450.814  166.063
138.33  205.006  200.964  184.11
272.347  223.688  338.613  199.989
496.505  157.32  552.962  132.703
348.428  201.567  411.749  176.588
339.118  244.272  415.284  219.775
416.773  218.98  487.874  193.227
253.341  93.0339  318.238  64.577
349.789  191.315  414.423  168.16
507.153  160.184  564.083  133.112
336.161  229.053  406.919  204.509
323.489  243.395  399.574  219.026
259.279  149.495  328.547  121.632
511.399  400.765  581.222  376.755
547.25  196.585  611.162  171.977
485.446  332.506  545.841  309.214
297.041  246.096  371.263  222.27
117.768  174.519  178.719  149.566
298.026  241.429  371.209  217.488
517.133  144.804  575.193  119.46
245.557  91.8552  310.864  63.2874
449.213  369.802  511.419  349.899
278.595  343.444  507.655  312.723
431.593  171.5  488.468  147.886
214.668  450.786  297.073  436.085
295.226  240.698  368.454  216.737
109.924  195.422  164.224  172.592
358.028  160.223  422.175  133.154
512.627  136.134  570.43  110.546
167.923  229.328  244.485  205.594
145.933  95.6675  216.27  66.2527
240.741  201.466  307.524  179.383
91.5035  177.566  140.23  156.96
553.013  202.609  617.397  178.123
506.437  200.913  568.582  174.501
352.162  211.355  416.148  186.57
78.5232  295.64  129.409  278.509
510.791  139.718  568.624  114.296
381.477  189.028  441.74  163.507
281.176  246.923  357.789  223.004
521.396  133.551  579.532  107.803
158.191  106.817  227.461  75.875
248.524  93.0658  313.155  64.7508
252.438  167.894  320.419  141.185
293.914  222.071  362.397  197.759
397.546  329.373  452.973  307.885
356.651  202.849  422.419  177.468
297.296  240.825  370.474  216.794
249.611  91.6824  314.792  63.205
488.663  177.289  545.567  153.5
538.813  132.434  595.582  104.052
255.831  92.6833  321.463  64.236
245.644  91.8107  311.451  63.2483
254.14  89.121  319.83  60.4187
540.672  95.9659  598.578  68.6728
377.818  208.712  444.094  183.302
218.482  151.219  286.4  126.301
233.508  69.3109  298.882  39.1356
424.951  369.056  487.283  349.729
350.893  118.407  418.932  88.5798
248.898  92.0017  315.069  63.4303
261.838  214.079  328.586  189.811
294.327  239.965  367.578  215.883
411.455  346.554  471.59  327.412
462.312  171.691  516.315  148.293
497.279  150.028  554.395  125.239
473.874  164.05  528.328  137.482
484.802  174.044  538.745  147.792
111.33  195.374  164.224  172.592
495.102  139.879  551.562  114.81
111.33  195.374  164.91  172.5
435.52  229.955  509.796  203.869
421.898  374.775  486.718  352.66
286.871  442.959  365.556  426.658
377.343  216.217  442.974  191.109
142.549  128.008  207.491  99.1427
109.17  204.365  163.91  181.874
323.941  100.339  389.916  72.532
351.399  218.706  417.457  193.876
92.8455  177.522  141.53  157.058
499.498  134.04  557.771  108.533
119.042  111.284  184.929  83.8041
485.023  162.85  540.611  138.846
528.357  104.75  605.781  72.4903
211.234  95.0332  276.878  63.8174
481.985  390.98  552.47  370.223
486.654  167.032  540.764  140.451
408.982  240.515  480.007  215.355
65.854  279.636  111.177  262.316
436.016  328.647  496.243  308.897
254.476  190.164  321.734  164.614
390.607  330.028  451.221  311.083
408.896  234.345  481.69  208.793
64.5479  276.566  109.723  259.126
251.457  211.368  317.908  186.988
441.996  151.535  496.655  124.597
272.325  226.85  338.617  203.023
211.521  238.939  289.297  215.045
87.4102  260.553  168.784  238.581
467.767  261.091  547.113  235.021
61.1486  278.389  108.849  260.807
355.694  177.934  419.065  154.575
235.676  441.796  317.391  426.699
246.575  89.507  312.391  60.9356
308.248  447.934  385.99  431.273
133.679  202.881  194.835  182.359
142.022  220.066  202.253  197.536
418.515  186.785  473.121  161.303
496.318  154.722  552.75  130.342
468.397  227.274  538.071  201.064
248.498  92.1395  315.135  63.6743
252.705  223.933  330.338  198.888
255.633  212.371  321.982  191.018
417.274  355.613  479.305  336.514
490.078  237.914  572.113  213.661
60.5947  276.69  106.955  259.096
102.387  156.025  154.954  130.65
98.9456  132.543  156.865  104.769
484.658  387.978  551.563  364.349
399.255  204.296  464.929  181.503
212.894  449.703  294.441  435.357
213.333  89.4431  277.843  61.0237
204.557  102.972  262.532  76.462
258.99  92.5015  325.408  64.1698
396.008  329.579  448.421  308.076
249.907  91.893  315.135  63.6743
244.247  89.0616  310.218  60.5201
67.9205  129.741  112.663  106.73
225.07  254.418  302.036  231.101
297.206  235.678  369.63  211.243
216.118  229.204  294.128  204.618
475.24  262.182  553.991  235.969
190.58  109.885  254.264  79.7997
490.014  401.837  560.595  377.89
195.768  91.2114  263.68  62.3808
523.286  404.986  592.645  380.344
244.289  88.7673  310.136  60.2531
127.088  183.24  186.805  158.608
486.63  363.126  553.11  339.299
218.396  91.1057  281.368  63.1089
78.6462  116.401  128.911  88.3827
358.625  158.379  423.917  130.73
65.5997  280.894  111.325  263.408
246.328  92.3397  313.902  63.8509
488.6  366.233  555.832  345.59
542.915  129.061  599.985  100.17
160.543  273.627  243.447  251.297
251.305  90.6228  317.846  62.2124
293.376  239.907  367.35  215.453
481.82  109.092  538.395  83.0739
454.306  140.337  511.207  115.746
505.334  182.585  561.53  159.265
152.615  223.105  212.964  200.47
272.034  222.1  336.874  197.96
521.144  108.421  581.825  81.739
128.985  207.671  189.084  184.334
139.867  132.235  203.983  103.469
423.836  365.096  485.566  346.195
84.4947  165.226  131.085  144.595
412.374  221.974  484  199.29
201.885  101.177  268.261  69.9293
337.73  125.308  406.142  95.4238
34.095  82.5543  29.8861  63.7408
179.735  435.541  261.991  418.385
345.975  120.009  411.797  90.1439
516.626  129.924  573.789  104.67
452.936  222.019  521.463  199.258
389.887  190.063  446.498  164.429
312.997  209.274  376.095  187.961
134.921  178.947  197.897  157.071
252.991  179.116  320.528  156.239
90.6127  206.175  142.609  187.459
213.886  214.292  284.005  193.233
334.068  240.324  406.64  215.438
340.664  221.658  406.661  196.636
60.6891  273.823  106.8  255.818
358.478  178.542  423.768  155.342
471.578  152.672  530.752  128.399
391.684  141.434  451.265  117.05
484.638  259.276  566.728  236.039
471  116.146  533.878  86.0757
338.721  230.883  410.72  205.583
180.155  130.081  246.11  100.782
163.75  269.455  244.065  246.878
25.6507  80.3542  20.674  61.5853
219.444  167.85  287.202  144.522
358.322  361.669  418.309  340.473
518.52  400.305  584.649  375.632
486.836  252.686  568.476  229.313
269.911  234.161  338.852  209.951
486.602  369.958  552.816  349.717
337.73  125.308  406.142  95.4238
